year,age_group,male,female,total
1950,0-1,542,512,1054
1950,1-2,518,492,1010
1950,2-3,483,459,942
1950,3-4,460,439,899
1950,4-5,404,387,791
1950,5-6,379,369,748
1950,6-7,512,492,1004
1950,7-8,523,500,1023
1950,8-9,529,507,1036
1950,9-10,633,606,1239
1950,10-11,689,663,1352
1950,11-12,679,653,1332
1950,12-13,637,615,1252
1950,13-14,605,583,1188
1950,14-15,602,583,1185
1950,15-16,601,579,1180
1950,16-17,554,536,1090
1950,17-18,456,443,899
1950,18-19,461,453,914
1950,19-20,475,470,945
1950,20-21,511,509,1020
1950,21-22,502,504,1006
1950,22-23,505,510,1015
1950,23-24,456,501,957
1950,24-25,431,522,953
1950,25-26,426,551,977
1950,26-27,377,532,909
1950,27-28,378,541,919
1950,28-29,411,578,989
1950,29-30,430,612,1042
1950,30-31,442,642,1084
1950,31-32,312,440,752
1950,32-33,223,316,539
1950,33-34,221,310,531
1950,34-35,245,347,592
1950,35-36,336,481,817
1950,36-37,417,596,1013
1950,37-38,443,612,1055
1950,38-39,463,627,1090
1950,39-40,448,601,1049
1950,40-41,470,630,1100
1950,41-42,492,642,1134
1950,42-43,496,640,1136
1950,43-44,504,627,1131
1950,44-45,503,618,1121
1950,45-46,523,599,1122
1950,46-47,523,596,1119
1950,47-48,506,577,1083
1950,48-49,517,589,1106
1950,49-50,502,569,1071
1950,50-51,485,553,1038
1950,51-52,453,540,993
1950,52-53,425,534,959
1950,53-54,393,513,906
1950,54-55,379,510,889
1950,55-56,353,487,840
1950,56-57,336,472,808
1950,57-58,327,457,784
1950,58-59,315,435,750
1950,59-60,314,429,743
1950,60-61,302,412,714
1950,61-62,298,402,700
1950,62-63,293,387,680
1950,63-64,284,372,656
1950,64-65,270,353,623
1950,65-66,264,340,604
1950,66-67,251,321,572
1950,67-68,238,301,539
1950,68-69,230,289,519
1950,69-70,218,271,489
1950,70-71,209,261,470
1950,71-72,201,249,450
1950,72-73,190,236,426
1950,73-74,176,216,392
1950,74-75,164,201,365
1950,75-76,147,180,327
1950,76-77,127,157,284
1950,77-78,109,135,244
1950,78-79,94,118,212
1950,79-80,71,89,160
1950,80-81,67,87,154
1950,81-82,54,71,125
1950,82-83,42,58,100
1950,83-84,33,46,79
1950,84-85,27,39,66
1950,85-86,19,29,48
1950,86-87,15,23,38
1950,87-88,11,17,28
1950,88-89,7,12,19
1950,89-90,5,8,13
1950,90-91,0,0,0
1950,91-92,0,0,0
1950,92-93,0,0,0
1950,93-94,0,0,0
1950,94-95,0,0,0
1950,95-96,0,0,0
1950,96-97,0,0,0
1950,97-98,0,0,0
1950,98-99,0,0,0
1950,99-100,0,0,0
1951,0-1,541,513,1054
1951,1-2,535,507,1042
1951,2-3,520,495,1015
1951,3-4,486,463,949
1951,4-5,460,439,899
1951,5-6,408,392,800
1951,6-7,370,358,728
1951,7-8,505,490,995
1951,8-9,520,502,1022
1951,9-10,517,492,1009
1951,10-11,635,612,1247
1951,11-12,688,662,1350
1951,12-13,680,656,1336
1951,13-14,639,614,1253
1951,14-15,604,584,1188
1951,15-16,605,584,1189
1951,16-17,601,577,1178
1951,17-18,563,551,1114
1951,18-19,457,444,901
1951,19-20,461,454,915
1951,20-21,473,469,942
1951,21-22,512,511,1023
1951,22-23,502,503,1005
1951,23-24,508,514,1022
1951,24-25,458,499,957
1951,25-26,432,522,954
1951,26-27,428,552,980
1951,27-28,378,534,912
1951,28-29,378,538,916
1951,29-30,409,570,979
1951,30-31,432,609,1041
1951,31-32,441,630,1071
1951,32-33,323,477,800
1951,33-34,225,319,544
1951,34-35,220,304,524
1951,35-36,242,341,583
1951,36-37,328,462,790
1951,37-38,414,593,1007
1951,38-39,439,608,1047
1951,39-40,460,626,1086
1951,40-41,446,597,1043
1951,41-42,468,628,1096
1951,42-43,490,641,1131
1951,43-44,494,638,1132
1951,44-45,502,622,1124
1951,45-46,499,619,1118
1951,46-47,520,597,1117
1951,47-48,521,595,1116
1951,48-49,503,572,1075
1951,49-50,513,585,1098
1951,50-51,499,570,1069
1951,51-52,483,551,1034
1951,52-53,449,535,984
1951,53-54,423,531,954
1951,54-55,390,505,895
1951,55-56,376,514,890
1951,56-57,349,486,835
1951,57-58,332,467,799
1951,58-59,323,453,776
1951,59-60,310,424,734
1951,60-61,309,433,742
1951,61-62,296,408,704
1951,62-63,293,399,692
1951,63-64,285,375,660
1951,64-65,278,359,637
1951,65-66,263,360,623
1951,66-67,257,340,597
1951,67-68,244,314,558
1951,68-69,229,286,515
1951,69-70,222,270,492
1951,70-71,208,278,486
1951,71-72,198,259,457
1951,72-73,190,237,427
1951,73-74,179,216,395
1951,74-75,165,189,354
1951,75-76,152,208,360
1951,76-77,136,177,313
1951,77-78,117,142,259
1951,78-79,99,114,213
1951,79-80,85,97,182
1951,80-81,63,87,150
1951,81-82,59,77,136
1951,82-83,47,61,108
1951,83-84,36,47,83
1951,84-85,28,36,64
1951,85-86,22,34,56
1951,86-87,16,24,40
1951,87-88,12,18,30
1951,88-89,8,13,21
1951,89-90,6,9,15
1951,90-91,0,0,0
1951,91-92,0,0,0
1951,92-93,0,0,0
1951,93-94,0,0,0
1951,94-95,0,0,0
1951,95-96,0,0,0
1951,96-97,0,0,0
1951,97-98,0,0,0
1951,98-99,0,0,0
1951,99-100,0,0,0
1952,0-1,544,514,1058
1952,1-2,536,509,1045
1952,2-3,533,506,1039
1952,3-4,520,495,1015
1952,4-5,485,462,947
1952,5-6,458,438,896
1952,6-7,409,392,801
1952,7-8,366,357,723
1952,8-9,506,488,994
1952,9-10,525,503,1028
1952,10-11,514,494,1008
1952,11-12,634,608,1242
1952,12-13,685,660,1345
1952,13-14,681,657,1338
1952,14-15,640,619,1259
1952,15-16,604,584,1188
1952,16-17,604,587,1191
1952,17-18,599,578,1177
1952,18-19,570,549,1119
1952,19-20,459,445,904
1952,20-21,463,454,917
1952,21-22,472,467,939
1952,22-23,511,510,1021
1952,23-24,500,503,1003
1952,24-25,509,512,1021
1952,25-26,458,498,956
1952,26-27,432,520,952
1952,27-28,429,550,979
1952,28-29,379,533,912
1952,29-30,377,537,914
1952,30-31,407,569,976
1952,31-32,428,608,1036
1952,32-33,433,628,1061
1952,33-34,334,476,810
1952,34-35,225,319,544
1952,35-36,218,305,523
1952,36-37,241,341,582
1952,37-38,323,461,784
1952,38-39,414,592,1006
1952,39-40,439,606,1045
1952,40-41,461,624,1085
1952,41-42,444,595,1039
1952,42-43,466,626,1092
1952,43-44,489,640,1129
1952,44-45,492,636,1128
1952,45-46,499,620,1119
1952,46-47,496,616,1112
1952,47-48,518,594,1112
1952,48-49,518,593,1111
1952,49-50,500,570,1070
1952,50-51,509,583,1092
1952,51-52,494,565,1059
1952,52-53,478,546,1024
1952,53-54,445,532,977
1952,54-55,419,529,948
1952,55-56,385,505,890
1952,56-57,372,505,877
1952,57-58,345,479,824
1952,58-59,326,463,789
1952,59-60,318,451,769
1952,60-61,303,425,728
1952,61-62,303,420,723
1952,62-63,289,398,687
1952,63-64,286,393,679
1952,64-65,277,373,650
1952,65-66,271,361,632
1952,66-67,255,339,594
1952,67-68,248,325,573
1952,68-69,236,306,542
1952,69-70,219,283,502
1952,70-71,212,272,484
1952,71-72,198,252,450
1952,72-73,187,240,427
1952,73-74,179,226,405
1952,74-75,167,212,379
1952,75-76,154,192,346
1952,76-77,139,176,315
1952,77-78,124,156,280
1952,78-79,106,133,239
1952,79-80,88,112,200
1952,80-81,76,98,174
1952,81-82,54,70,124
1952,82-83,50,67,117
1952,83-84,39,54,93
1952,84-85,30,43,73
1952,85-86,23,32,55
1952,86-87,18,27,45
1952,87-88,12,19,31
1952,88-89,9,15,24
1952,89-90,6,11,17
1952,90-91,0,0,0
1952,91-92,0,0,0
1952,92-93,0,0,0
1952,93-94,0,0,0
1952,94-95,0,0,0
1952,95-96,0,0,0
1952,96-97,0,0,0
1952,97-98,0,0,0
1952,98-99,0,0,0
1952,99-100,0,0,0
1953,0-1,540,512,1052
1953,1-2,540,511,1051
1953,2-3,535,508,1043
1953,3-4,532,506,1038
1953,4-5,520,495,1015
1953,5-6,485,461,946
1953,6-7,458,439,897
1953,7-8,409,392,801
1953,8-9,366,356,722
1953,9-10,506,487,993
1953,10-11,525,506,1031
1953,11-12,514,496,1010
1953,12-13,634,608,1242
1953,13-14,685,657,1342
1953,14-15,681,657,1338
1953,15-16,642,620,1262
1953,16-17,604,583,1187
1953,17-18,605,588,1193
1953,18-19,602,576,1178
1953,19-20,573,550,1123
1953,20-21,462,448,910
1953,21-22,464,453,917
1953,22-23,473,467,940
1953,23-24,512,511,1023
1953,24-25,501,503,1004
1953,25-26,509,512,1021
1953,26-27,458,498,956
1953,27-28,433,520,953
1953,28-29,429,550,979
1953,29-30,379,532,911
1953,30-31,377,537,914
1953,31-32,407,569,976
1953,32-33,428,607,1035
1953,33-34,433,627,1060
1953,34-35,334,475,809
1953,35-36,225,319,544
1953,36-37,218,304,522
1953,37-38,241,340,581
1953,38-39,323,460,783
1953,39-40,413,591,1004
1953,40-41,439,605,1044
1953,41-42,460,623,1083
1953,42-43,444,594,1038
1953,43-44,465,625,1090
1953,44-45,488,638,1126
1953,45-46,490,635,1125
1953,46-47,497,619,1116
1953,47-48,494,615,1109
1953,48-49,515,592,1107
1953,49-50,516,590,1106
1953,50-51,497,569,1066
1953,51-52,506,582,1088
1953,52-53,490,562,1052
1953,53-54,474,543,1017
1953,54-55,440,527,967
1953,55-56,414,530,944
1953,56-57,381,503,884
1953,57-58,367,501,868
1953,58-59,339,473,812
1953,59-60,321,455,776
1953,60-61,312,452,764
1953,61-62,297,423,720
1953,62-63,296,414,710
1953,63-64,282,390,672
1953,64-65,278,380,658
1953,65-66,270,375,645
1953,66-67,263,358,621
1953,67-68,246,331,577
1953,68-69,239,312,551
1953,69-70,226,287,513
1953,70-71,209,286,495
1953,71-72,201,267,468
1953,72-73,187,239,426
1953,73-74,176,223,399
1953,74-75,166,202,368
1953,75-76,154,212,366
1953,76-77,141,181,322
1953,77-78,126,161,287
1953,78-79,112,137,249
1953,79-80,94,109,203
1953,80-81,77,103,180
1953,81-82,65,85,150
1953,82-83,46,62,108
1953,83-84,42,55,97
1953,84-85,32,43,75
1953,85-86,24,37,61
1953,86-87,18,27,45
1953,87-88,14,21,35
1953,88-89,10,14,24
1953,89-90,6,10,16
1953,90-91,0,0,0
1953,91-92,0,0,0
1953,92-93,0,0,0
1953,93-94,0,0,0
1953,94-95,0,0,0
1953,95-96,0,0,0
1953,96-97,0,0,0
1953,97-98,0,0,0
1953,98-99,0,0,0
1953,99-100,0,0,0
1954,0-1,549,520,1069
1954,1-2,535,509,1044
1954,2-3,539,510,1049
1954,3-4,535,508,1043
1954,4-5,532,505,1037
1954,5-6,519,494,1013
1954,6-7,484,462,946
1954,7-8,457,438,895
1954,8-9,409,392,801
1954,9-10,366,356,722
1954,10-11,506,491,997
1954,11-12,525,504,1029
1954,12-13,515,494,1009
1954,13-14,634,606,1240
1954,14-15,685,661,1346
1954,15-16,683,660,1343
1954,16-17,641,619,1260
1954,17-18,603,583,1186
1954,18-19,606,585,1191
1954,19-20,604,579,1183
1954,20-21,574,553,1127
1954,21-22,462,444,906
1954,22-23,464,454,918
1954,23-24,473,467,940
1954,24-25,513,511,1024
1954,25-26,501,501,1002
1954,26-27,509,511,1020
1954,27-28,458,496,954
1954,28-29,433,519,952
1954,29-30,429,548,977
1954,30-31,379,531,910
1954,31-32,377,536,913
1954,32-33,406,568,974
1954,33-34,427,606,1033
1954,34-35,433,626,1059
1954,35-36,334,475,809
1954,36-37,225,318,543
1954,37-38,217,303,520
1954,38-39,241,339,580
1954,39-40,322,459,781
1954,40-41,413,590,1003
1954,41-42,438,604,1042
1954,42-43,459,622,1081
1954,43-44,442,593,1035
1954,44-45,463,624,1087
1954,45-46,486,637,1123
1954,46-47,488,633,1121
1954,47-48,495,617,1112
1954,48-49,492,612,1104
1954,49-50,512,589,1101
1954,50-51,512,589,1101
1954,51-52,493,566,1059
1954,52-53,502,578,1080
1954,53-54,486,558,1044
1954,54-55,469,539,1008
1954,55-56,435,529,964
1954,56-57,409,524,933
1954,57-58,375,497,872
1954,58-59,361,495,856
1954,59-60,334,468,802
1954,60-61,315,459,774
1954,61-62,306,444,750
1954,62-63,291,415,706
1954,63-64,289,406,695
1954,64-65,275,381,656
1954,65-66,271,388,659
1954,66-67,261,362,623
1954,67-68,254,345,599
1954,68-69,237,318,555
1954,69-70,229,299,528
1954,70-71,216,296,512
1954,71-72,199,268,467
1954,72-73,191,250,441
1954,73-74,176,223,399
1954,74-75,164,207,371
1954,75-76,154,211,365
1954,76-77,141,189,330
1954,77-78,128,161,289
1954,78-79,113,143,256
1954,79-80,99,121,220
1954,80-81,84,113,197
1954,81-82,67,88,155
1954,82-83,57,72,129
1954,83-84,39,51,90
1954,84-85,36,46,82
1954,85-86,26,39,65
1954,86-87,19,29,48
1954,87-88,14,21,35
1954,88-89,11,16,27
1954,89-90,6,11,17
1954,90-91,0,0,0
1954,91-92,0,0,0
1954,92-93,0,0,0
1954,93-94,0,0,0
1954,94-95,0,0,0
1954,95-96,0,0,0
1954,96-97,0,0,0
1954,97-98,0,0,0
1954,98-99,0,0,0
1954,99-100,0,0,0
1955,0-1,551,521,1072
1955,1-2,545,517,1062
1955,2-3,535,508,1043
1955,3-4,538,510,1048
1955,4-5,534,508,1042
1955,5-6,531,505,1036
1955,6-7,519,495,1014
1955,7-8,484,461,945
1955,8-9,457,438,895
1955,9-10,408,391,799
1955,10-11,366,357,723
1955,11-12,506,488,994
1955,12-13,525,503,1028
1955,13-14,515,495,1010
1955,14-15,634,609,1243
1955,15-16,685,661,1346
1955,16-17,681,658,1339
1955,17-18,641,619,1260
1955,18-19,607,585,1192
1955,19-20,610,587,1197
1955,20-21,606,579,1185
1955,21-22,575,550,1125
1955,22-23,464,446,910
1955,23-24,466,454,920
1955,24-25,475,466,941
1955,25-26,514,509,1023
1955,26-27,502,501,1003
1955,27-28,510,510,1020
1955,28-29,459,496,955
1955,29-30,434,518,952
1955,30-31,430,548,978
1955,31-32,380,531,911
1955,32-33,377,535,912
1955,33-34,407,567,974
1955,34-35,428,605,1033
1955,35-36,433,625,1058
1955,36-37,334,474,808
1955,37-38,225,318,543
1955,38-39,217,303,520
1955,39-40,241,339,580
1955,40-41,322,458,780
1955,41-42,412,589,1001
1955,42-43,437,603,1040
1955,43-44,459,621,1080
1955,44-45,441,592,1033
1955,45-46,462,622,1084
1955,46-47,484,635,1119
1955,47-48,486,631,1117
1955,48-49,493,614,1107
1955,49-50,489,610,1099
1955,50-51,510,587,1097
1955,51-52,509,586,1095
1955,52-53,489,562,1051
1955,53-54,497,574,1071
1955,54-55,481,556,1037
1955,55-56,463,537,1000
1955,56-57,430,522,952
1955,57-58,403,518,921
1955,58-59,369,493,862
1955,59-60,355,492,847
1955,60-61,327,466,793
1955,61-62,309,449,758
1955,62-63,299,435,734
1955,63-64,284,409,693
1955,64-65,282,402,684
1955,65-66,267,379,646
1955,66-67,262,372,634
1955,67-68,252,351,603
1955,68-69,244,336,580
1955,69-70,227,313,540
1955,70-71,219,297,516
1955,71-72,205,275,480
1955,72-73,188,252,440
1955,73-74,179,238,417
1955,74-75,164,216,380
1955,75-76,152,203,355
1955,76-77,142,186,328
1955,77-78,129,171,300
1955,78-79,115,150,265
1955,79-80,102,134,236
1955,80-81,88,115,203
1955,81-82,72,94,166
1955,82-83,57,76,133
1955,83-84,47,64,111
1955,84-85,32,44,76
1955,85-86,29,41,70
1955,86-87,21,30,51
1955,87-88,15,23,38
1955,88-89,10,16,26
1955,89-90,8,13,21
1955,90-91,0,0,0
1955,91-92,0,0,0
1955,92-93,0,0,0
1955,93-94,0,0,0
1955,94-95,0,0,0
1955,95-96,0,0,0
1955,96-97,0,0,0
1955,97-98,0,0,0
1955,98-99,0,0,0
1955,99-100,0,0,0
1956,0-1,558,532,1090
1956,1-2,539,513,1052
1956,2-3,535,512,1047
1956,3-4,526,504,1030
1956,4-5,530,506,1036
1956,5-6,527,504,1031
1956,6-7,524,502,1026
1956,7-8,511,490,1001
1956,8-9,476,457,933
1956,9-10,450,434,884
1956,10-11,402,388,790
1956,11-12,361,354,715
1956,12-13,498,485,983
1956,13-14,517,499,1016
1956,14-15,507,492,999
1956,15-16,626,605,1231
1956,16-17,675,656,1331
1956,17-18,672,653,1325
1956,18-19,633,614,1247
1956,19-20,598,579,1177
1956,20-21,601,581,1182
1956,21-22,597,572,1169
1956,22-23,566,544,1110
1956,23-24,457,441,898
1956,24-25,459,449,908
1956,25-26,468,462,930
1956,26-27,506,504,1010
1956,27-28,495,496,991
1956,28-29,503,505,1008
1956,29-30,452,491,943
1956,30-31,427,513,940
1956,31-32,423,543,966
1956,32-33,374,526,900
1956,33-34,371,530,901
1956,34-35,400,562,962
1956,35-36,421,600,1021
1956,36-37,426,620,1046
1956,37-38,329,470,799
1956,38-39,221,315,536
1956,39-40,214,300,514
1956,40-41,236,336,572
1956,41-42,316,454,770
1956,42-43,405,583,988
1956,43-44,430,597,1027
1956,44-45,450,615,1065
1956,45-46,433,586,1019
1956,46-47,453,616,1069
1956,47-48,475,628,1103
1956,48-49,477,624,1101
1956,49-50,483,607,1090
1956,50-51,479,603,1082
1956,51-52,498,581,1079
1956,52-53,497,579,1076
1956,53-54,476,555,1031
1956,54-55,485,567,1052
1956,55-56,468,548,1016
1956,56-57,451,529,980
1956,57-58,417,515,932
1956,58-59,391,511,902
1956,59-60,358,485,843
1956,60-61,343,484,827
1956,61-62,316,458,774
1956,62-63,297,440,737
1956,63-64,288,426,714
1956,64-65,272,400,672
1956,65-66,270,392,662
1956,66-67,255,369,624
1956,67-68,249,361,610
1956,68-69,239,340,579
1956,69-70,231,324,555
1956,70-71,214,300,514
1956,71-72,205,284,489
1956,72-73,191,262,453
1956,73-74,174,238,412
1956,74-75,165,224,389
1956,75-76,150,202,352
1956,76-77,138,188,326
1956,77-78,127,170,297
1956,78-79,115,155,270
1956,79-80,101,134,235
1956,80-81,88,119,207
1956,81-82,76,101,177
1956,82-83,60,81,141
1956,83-84,47,64,111
1956,84-85,39,54,93
1956,85-86,25,36,61
1956,86-87,23,34,57
1956,87-88,16,24,40
1956,88-89,11,18,29
1956,89-90,7,12,19
1956,90-91,0,0,0
1956,91-92,0,0,0
1956,92-93,0,0,0
1956,93-94,0,0,0
1956,94-95,0,0,0
1956,95-96,0,0,0
1956,96-97,0,0,0
1956,97-98,0,0,0
1956,98-99,0,0,0
1956,99-100,0,0,0
1957,0-1,581,549,1130
1957,1-2,560,532,1092
1957,2-3,546,517,1063
1957,3-4,543,516,1059
1957,4-5,534,508,1042
1957,5-6,538,510,1048
1957,6-7,534,508,1042
1957,7-8,532,506,1038
1957,8-9,519,495,1014
1957,9-10,484,461,945
1957,10-11,456,438,894
1957,11-12,407,391,798
1957,12-13,365,357,722
1957,13-14,504,488,992
1957,14-15,523,503,1026
1957,15-16,512,495,1007
1957,16-17,630,608,1238
1957,17-18,680,659,1339
1957,18-19,675,655,1330
1957,19-20,633,614,1247
1957,20-21,593,575,1168
1957,21-22,583,572,1155
1957,22-23,573,559,1132
1957,23-24,543,531,1074
1957,24-25,441,431,872
1957,25-26,444,441,885
1957,26-27,453,453,906
1957,27-28,492,496,988
1957,28-29,482,489,971
1957,29-30,491,499,990
1957,30-31,443,486,929
1957,31-32,420,509,929
1957,32-33,418,540,958
1957,33-34,371,523,894
1957,34-35,369,528,897
1957,35-36,398,561,959
1957,36-37,419,598,1017
1957,37-38,425,618,1043
1957,38-39,328,469,797
1957,39-40,221,314,535
1957,40-41,214,300,514
1957,41-42,237,336,573
1957,42-43,317,454,771
1957,43-44,407,584,991
1957,44-45,431,598,1029
1957,45-46,453,616,1069
1957,46-47,435,587,1022
1957,47-48,456,617,1073
1957,48-49,478,630,1108
1957,49-50,479,626,1105
1957,50-51,485,609,1094
1957,51-52,481,605,1086
1957,52-53,500,581,1081
1957,53-54,499,579,1078
1957,54-55,476,555,1031
1957,55-56,485,567,1052
1957,56-57,468,548,1016
1957,57-58,450,529,979
1957,58-59,415,514,929
1957,59-60,388,509,897
1957,60-61,355,483,838
1957,61-62,340,481,821
1957,62-63,312,454,766
1957,63-64,293,437,730
1957,64-65,283,422,705
1957,65-66,267,395,662
1957,66-67,264,386,650
1957,67-68,248,363,611
1957,68-69,242,354,596
1957,69-70,231,331,562
1957,70-71,222,315,537
1957,71-72,205,291,496
1957,72-73,195,273,468
1957,73-74,181,251,432
1957,74-75,163,227,390
1957,75-76,154,211,365
1957,76-77,139,189,328
1957,77-78,127,175,302
1957,78-79,115,157,272
1957,79-80,104,142,246
1957,80-81,90,120,210
1957,81-82,77,106,183
1957,82-83,66,89,155
1957,83-84,51,70,121
1957,84-85,39,54,93
1957,85-86,32,45,77
1957,86-87,20,29,49
1957,87-88,18,27,45
1957,88-89,12,19,31
1957,89-90,8,14,22
1957,90-91,0,0,0
1957,91-92,0,0,0
1957,92-93,0,0,0
1957,93-94,0,0,0
1957,94-95,0,0,0
1957,95-96,0,0,0
1957,96-97,0,0,0
1957,97-98,0,0,0
1957,98-99,0,0,0
1957,99-100,0,0,0
1958,0-1,587,555,1142
1958,1-2,577,547,1124
1958,2-3,561,532,1093
1958,3-4,547,518,1065
1958,4-5,544,517,1061
1958,5-6,535,509,1044
1958,6-7,539,512,1051
1958,7-8,535,510,1045
1958,8-9,533,507,1040
1958,9-10,520,496,1016
1958,10-11,485,462,947
1958,11-12,457,439,896
1958,12-13,408,392,800
1958,13-14,366,357,723
1958,14-15,505,489,994
1958,15-16,524,504,1028
1958,16-17,514,496,1010
1958,17-18,632,609,1241
1958,18-19,683,659,1342
1958,19-20,678,655,1333
1958,20-21,636,614,1250
1958,21-22,596,575,1171
1958,22-23,586,573,1159
1958,23-24,576,559,1135
1958,24-25,547,531,1078
1958,25-26,444,432,876
1958,26-27,447,442,889
1958,27-28,456,454,910
1958,28-29,495,497,992
1958,29-30,484,490,974
1958,30-31,493,500,993
1958,31-32,445,487,932
1958,32-33,421,510,931
1958,33-34,419,540,959
1958,34-35,371,523,894
1958,35-36,370,528,898
1958,36-37,398,561,959
1958,37-38,420,598,1018
1958,38-39,425,618,1043
1958,39-40,328,470,798
1958,40-41,221,315,536
1958,41-42,214,300,514
1958,42-43,237,336,573
1958,43-44,317,454,771
1958,44-45,406,584,990
1958,45-46,431,597,1028
1958,46-47,452,615,1067
1958,47-48,434,586,1020
1958,48-49,454,616,1070
1958,49-50,476,628,1104
1958,50-51,477,624,1101
1958,51-52,483,607,1090
1958,52-53,478,602,1080
1958,53-54,496,579,1075
1958,54-55,494,577,1071
1958,55-56,472,553,1025
1958,56-57,480,564,1044
1958,57-58,461,544,1005
1958,58-59,443,525,968
1958,59-60,408,510,918
1958,60-61,381,505,886
1958,61-62,348,478,826
1958,62-63,333,476,809
1958,63-64,305,448,753
1958,64-65,286,430,716
1958,65-66,275,415,690
1958,66-67,259,387,646
1958,67-68,255,378,633
1958,68-69,239,355,594
1958,69-70,233,344,577
1958,70-71,221,321,542
1958,71-72,211,304,515
1958,72-73,194,279,473
1958,73-74,184,261,445
1958,74-75,169,238,407
1958,75-76,152,214,366
1958,76-77,142,198,340
1958,77-78,126,175,301
1958,78-79,115,161,276
1958,79-80,103,143,246
1958,80-81,92,128,220
1958,81-82,78,107,185
1958,82-83,67,93,160
1958,83-84,56,77,133
1958,84-85,43,59,102
1958,85-86,31,45,76
1958,86-87,26,37,63
1958,87-88,16,24,40
1958,88-89,14,22,36
1958,89-90,9,14,23
1958,90-91,0,0,0
1958,91-92,0,0,0
1958,92-93,0,0,0
1958,93-94,0,0,0
1958,94-95,0,0,0
1958,95-96,0,0,0
1958,96-97,0,0,0
1958,97-98,0,0,0
1958,98-99,0,0,0
1958,99-100,0,0,0
1959,0-1,621,587,1208
1959,1-2,583,552,1135
1959,2-3,577,547,1124
1959,3-4,560,532,1092
1959,4-5,547,518,1065
1959,5-6,545,518,1063
1959,6-7,535,509,1044
1959,7-8,539,512,1051
1959,8-9,536,510,1046
1959,9-10,533,507,1040
1959,10-11,520,496,1016
1959,11-12,485,462,947
1959,12-13,457,439,896
1959,13-14,408,392,800
1959,14-15,366,358,724
1959,15-16,506,489,995
1959,16-17,525,504,1029
1959,17-18,514,496,1010
1959,18-19,633,609,1242
1959,19-20,685,659,1344
1959,20-21,680,655,1335
1959,21-22,639,614,1253
1959,22-23,599,575,1174
1959,23-24,588,572,1160
1959,24-25,579,559,1138
1959,25-26,550,531,1081
1959,26-27,447,432,879
1959,27-28,449,442,891
1959,28-29,458,454,912
1959,29-30,497,497,994
1959,30-31,486,490,976
1959,31-32,494,500,994
1959,32-33,446,487,933
1959,33-34,422,509,931
1959,34-35,419,540,959
1959,35-36,372,523,895
1959,36-37,370,528,898
1959,37-38,398,561,959
1959,38-39,420,598,1018
1959,39-40,425,618,1043
1959,40-41,328,469,797
1959,41-42,221,314,535
1959,42-43,213,300,513
1959,43-44,236,336,572
1959,44-45,317,453,770
1959,45-46,405,583,988
1959,46-47,429,596,1025
1959,47-48,450,614,1064
1959,48-49,432,585,1017
1959,49-50,452,614,1066
1959,50-51,473,626,1099
1959,51-52,474,622,1096
1959,52-53,479,604,1083
1959,53-54,473,600,1073
1959,54-55,492,576,1068
1959,55-56,489,574,1063
1959,56-57,466,549,1015
1959,57-58,473,560,1033
1959,58-59,454,540,994
1959,59-60,435,521,956
1959,60-61,400,505,905
1959,61-62,373,499,872
1959,62-63,339,472,811
1959,63-64,324,470,794
1959,64-65,297,442,739
1959,65-66,277,423,700
1959,66-67,266,407,673
1959,67-68,249,379,628
1959,68-69,245,368,613
1959,69-70,229,345,574
1959,70-71,222,334,556
1959,71-72,210,310,520
1959,72-73,200,292,492
1959,73-74,182,267,449
1959,74-75,171,248,419
1959,75-76,156,224,380
1959,76-77,139,200,339
1959,77-78,129,183,312
1959,78-79,114,161,275
1959,79-80,103,147,250
1959,80-81,91,128,219
1959,81-82,80,114,194
1959,82-83,67,93,160
1959,83-84,56,80,136
1959,84-85,47,66,113
1959,85-86,35,49,84
1959,86-87,25,37,62
1959,87-88,20,30,50
1959,88-89,12,19,31
1959,89-90,11,17,28
1959,90-91,0,0,0
1959,91-92,0,0,0
1959,92-93,0,0,0
1959,93-94,0,0,0
1959,94-95,0,0,0
1959,95-96,0,0,0
1959,96-97,0,0,0
1959,97-98,0,0,0
1959,98-99,0,0,0
1959,99-100,0,0,0
1960,0-1,628,598,1226
1960,1-2,616,584,1200
1960,2-3,582,551,1133
1960,3-4,577,546,1123
1960,4-5,560,533,1093
1960,5-6,547,518,1065
1960,6-7,545,518,1063
1960,7-8,535,510,1045
1960,8-9,539,512,1051
1960,9-10,536,510,1046
1960,10-11,533,507,1040
1960,11-12,520,496,1016
1960,12-13,485,462,947
1960,13-14,457,439,896
1960,14-15,408,392,800
1960,15-16,367,358,725
1960,16-17,507,490,997
1960,17-18,526,505,1031
1960,18-19,519,497,1016
1960,19-20,639,610,1249
1960,20-21,691,660,1351
1960,21-22,688,656,1344
1960,22-23,645,615,1260
1960,23-24,605,575,1180
1960,24-25,598,573,1171
1960,25-26,589,559,1148
1960,26-27,560,531,1091
1960,27-28,455,433,888
1960,28-29,457,442,899
1960,29-30,465,454,919
1960,30-31,503,497,1000
1960,31-32,491,490,981
1960,32-33,499,500,999
1960,33-34,450,487,937
1960,34-35,426,509,935
1960,35-36,423,540,963
1960,36-37,375,523,898
1960,37-38,373,528,901
1960,38-39,400,560,960
1960,39-40,421,597,1018
1960,40-41,427,617,1044
1960,41-42,329,468,797
1960,42-43,221,314,535
1960,43-44,214,299,513
1960,44-45,237,335,572
1960,45-46,317,452,769
1960,46-47,405,581,986
1960,47-48,428,594,1022
1960,48-49,449,612,1061
1960,49-50,430,582,1012
1960,50-51,449,612,1061
1960,51-52,470,623,1093
1960,52-53,470,619,1089
1960,53-54,475,601,1076
1960,54-55,469,596,1065
1960,55-56,486,572,1058
1960,56-57,483,570,1053
1960,57-58,459,545,1004
1960,58-59,465,556,1021
1960,59-60,446,535,981
1960,60-61,426,516,942
1960,61-62,391,499,890
1960,62-63,364,493,857
1960,63-64,330,466,796
1960,64-65,314,463,777
1960,65-66,287,434,721
1960,66-67,267,415,682
1960,67-68,256,398,654
1960,68-69,239,370,609
1960,69-70,234,358,592
1960,70-71,218,334,552
1960,71-72,210,322,532
1960,72-73,197,298,495
1960,73-74,187,278,465
1960,74-75,169,253,422
1960,75-76,158,234,392
1960,76-77,143,209,352
1960,77-78,126,185,311
1960,78-79,116,168,284
1960,79-80,101,146,247
1960,80-81,91,132,223
1960,81-82,79,114,193
1960,82-83,68,99,167
1960,83-84,56,80,136
1960,84-85,46,68,114
1960,85-86,38,55,93
1960,86-87,27,40,67
1960,87-88,19,29,48
1960,88-89,15,24,39
1960,89-90,9,14,23
1960,90-91,0,0,0
1960,91-92,0,0,0
1960,92-93,0,0,0
1960,93-94,0,0,0
1960,94-95,0,0,0
1960,95-96,0,0,0
1960,96-97,0,0,0
1960,97-98,0,0,0
1960,98-99,0,0,0
1960,99-100,0,0,0
1961,0-1,654,623,1277
1961,1-2,623,595,1218
1961,2-3,614,583,1197
1961,3-4,579,549,1128
1961,4-5,571,541,1112
1961,5-6,556,529,1085
1961,6-7,542,515,1057
1961,7-8,540,514,1054
1961,8-9,529,504,1033
1961,9-10,534,508,1042
1961,10-11,531,505,1036
1961,11-12,534,508,1042
1961,12-13,520,495,1015
1961,13-14,484,461,945
1961,14-15,458,439,897
1961,15-16,410,394,804
1961,16-17,367,357,724
1961,17-18,509,490,999
1961,18-19,528,503,1031
1961,19-20,515,490,1005
1961,20-21,633,602,1235
1961,21-22,675,645,1320
1961,22-23,669,639,1308
1961,23-24,627,601,1228
1961,24-25,596,566,1162
1961,25-26,598,568,1166
1961,26-27,594,560,1154
1961,27-28,563,531,1094
1961,28-29,459,435,894
1961,29-30,460,442,902
1961,30-31,475,461,936
1961,31-32,510,500,1010
1961,32-33,501,495,996
1961,33-34,509,505,1014
1961,34-35,460,492,952
1961,35-36,434,516,950
1961,36-37,425,541,966
1961,37-38,378,527,905
1961,38-39,376,532,908
1961,39-40,404,564,968
1961,40-41,425,604,1029
1961,41-42,425,617,1042
1961,42-43,329,470,799
1961,43-44,221,313,534
1961,44-45,214,300,514
1961,45-46,237,336,573
1961,46-47,315,451,766
1961,47-48,404,581,985
1961,48-49,426,594,1020
1961,49-50,446,609,1055
1961,50-51,429,583,1012
1961,51-52,443,608,1051
1961,52-53,465,621,1086
1961,53-54,464,615,1079
1961,54-55,470,599,1069
1961,55-56,464,594,1058
1961,56-57,478,568,1046
1961,57-58,475,566,1041
1961,58-59,451,542,993
1961,59-60,457,552,1009
1961,60-61,438,534,972
1961,61-62,417,511,928
1961,62-63,382,494,876
1961,63-64,354,488,842
1961,64-65,322,461,783
1961,65-66,305,456,761
1961,66-67,278,426,704
1961,67-68,258,408,666
1961,68-69,247,390,637
1961,69-70,229,361,590
1961,70-71,224,351,575
1961,71-72,207,322,529
1961,72-73,199,310,509
1961,73-74,186,285,471
1961,74-75,175,266,441
1961,75-76,158,240,398
1961,76-77,146,219,365
1961,77-78,131,195,326
1961,78-79,115,172,287
1961,79-80,105,154,259
1961,80-81,92,134,226
1961,81-82,80,117,197
1961,82-83,68,101,169
1961,83-84,58,87,145
1961,84-85,48,71,119
1961,85-86,39,58,97
1961,86-87,31,46,77
1961,87-88,23,34,57
1961,88-89,16,25,41
1961,89-90,12,19,31
1961,90-91,5,8,13
1961,91-92,4,6,10
1961,92-93,3,4,7
1961,93-94,2,3,5
1961,94-95,1,2,3
1961,95-96,0,0,0
1961,96-97,0,0,0
1961,97-98,0,0,0
1961,98-99,0,0,0
1961,99-100,0,0,0
1962,0-1,659,626,1285
1962,1-2,650,620,1270
1962,2-3,623,595,1218
1962,3-4,614,583,1197
1962,4-5,579,549,1128
1962,5-6,571,542,1113
1962,6-7,556,530,1086
1962,7-8,543,515,1058
1962,8-9,540,514,1054
1962,9-10,529,505,1034
1962,10-11,535,508,1043
1962,11-12,531,506,1037
1962,12-13,534,508,1042
1962,13-14,520,495,1015
1962,14-15,485,462,947
1962,15-16,459,440,899
1962,16-17,411,395,806
1962,17-18,370,358,728
1962,18-19,515,492,1007
1962,19-20,536,506,1042
1962,20-21,522,493,1015
1962,21-22,639,605,1244
1962,22-23,681,648,1329
1962,23-24,677,642,1319
1962,24-25,639,604,1243
1962,25-26,606,569,1175
1962,26-27,606,570,1176
1962,27-28,601,562,1163
1962,28-29,570,533,1103
1962,29-30,465,436,901
1962,30-31,466,444,910
1962,31-32,480,462,942
1962,32-33,516,501,1017
1962,33-34,506,496,1002
1962,34-35,513,506,1019
1962,35-36,464,493,957
1962,36-37,438,517,955
1962,37-38,427,541,968
1962,38-39,380,527,907
1962,39-40,378,532,910
1962,40-41,406,564,970
1962,41-42,426,603,1029
1962,42-43,426,616,1042
1962,43-44,330,470,800
1962,44-45,221,313,534
1962,45-46,214,300,514
1962,46-47,237,336,573
1962,47-48,315,450,765
1962,48-49,403,580,983
1962,49-50,425,592,1017
1962,50-51,444,607,1051
1962,51-52,427,580,1007
1962,52-53,441,605,1046
1962,53-54,462,618,1080
1962,54-55,460,612,1072
1962,55-56,465,595,1060
1962,56-57,458,590,1048
1962,57-58,471,564,1035
1962,58-59,468,561,1029
1962,59-60,443,537,980
1962,60-61,448,547,995
1962,61-62,428,528,956
1962,62-63,407,505,912
1962,63-64,372,488,860
1962,64-65,344,481,825
1962,65-66,312,453,765
1962,66-67,294,448,742
1962,67-68,267,417,684
1962,68-69,248,398,646
1962,69-70,236,380,616
1962,70-71,218,350,568
1962,71-72,212,339,551
1962,72-73,195,310,505
1962,73-74,187,296,483
1962,74-75,173,271,444
1962,75-76,162,251,413
1962,76-77,145,225,370
1962,77-78,133,204,337
1962,78-79,118,180,298
1962,79-80,103,157,260
1962,80-81,92,139,231
1962,81-82,80,120,200
1962,82-83,68,103,171
1962,83-84,58,88,146
1962,84-85,48,74,122
1962,85-86,39,59,98
1962,86-87,31,48,79
1962,87-88,24,37,61
1962,88-89,17,27,44
1962,89-90,12,19,31
1962,90-91,7,10,17
1962,91-92,4,6,10
1962,92-93,3,5,8
1962,93-94,2,3,5
1962,94-95,1,2,3
1962,95-96,0,0,0
1962,96-97,0,0,0
1962,97-98,0,0,0
1962,98-99,0,0,0
1962,99-100,0,0,0
1963,0-1,678,645,1323
1963,1-2,656,624,1280
1963,2-3,650,620,1270
1963,3-4,623,595,1218
1963,4-5,615,583,1198
1963,5-6,580,550,1130
1963,6-7,571,542,1113
1963,7-8,556,530,1086
1963,8-9,543,515,1058
1963,9-10,541,515,1056
1963,10-11,530,505,1035
1963,11-12,535,509,1044
1963,12-13,532,506,1038
1963,13-14,534,509,1043
1963,14-15,521,496,1017
1963,15-16,486,463,949
1963,16-17,461,441,902
1963,17-18,414,396,810
1963,18-19,375,361,736
1963,19-20,521,496,1017
1963,20-21,539,509,1048
1963,21-22,523,496,1019
1963,22-23,642,607,1249
1963,23-24,687,650,1337
1963,24-25,685,644,1329
1963,25-26,645,606,1251
1963,26-27,610,570,1180
1963,27-28,610,572,1182
1963,28-29,604,564,1168
1963,29-30,573,535,1108
1963,30-31,468,438,906
1963,31-32,469,445,914
1963,32-33,482,463,945
1963,33-34,518,502,1020
1963,34-35,507,497,1004
1963,35-36,514,507,1021
1963,36-37,465,494,959
1963,37-38,439,517,956
1963,38-39,428,542,970
1963,39-40,381,527,908
1963,40-41,379,532,911
1963,41-42,406,564,970
1963,42-43,426,603,1029
1963,43-44,426,616,1042
1963,44-45,329,469,798
1963,45-46,221,313,534
1963,46-47,214,299,513
1963,47-48,236,335,571
1963,48-49,313,449,762
1963,49-50,401,578,979
1963,50-51,423,590,1013
1963,51-52,441,605,1046
1963,52-53,423,578,1001
1963,53-54,437,602,1039
1963,54-55,457,615,1072
1963,55-56,455,609,1064
1963,56-57,459,592,1051
1963,57-58,452,586,1038
1963,58-59,464,560,1024
1963,59-60,459,557,1016
1963,60-61,434,532,966
1963,61-62,438,541,979
1963,62-63,418,522,940
1963,63-64,395,499,894
1963,64-65,361,481,842
1963,65-66,333,473,806
1963,66-67,301,445,746
1963,67-68,283,438,721
1963,68-69,256,408,664
1963,69-70,237,388,625
1963,70-71,224,368,592
1963,71-72,207,339,546
1963,72-73,200,326,526
1963,73-74,183,297,480
1963,74-75,174,282,456
1963,75-76,160,257,417
1963,76-77,149,236,385
1963,77-78,132,210,342
1963,78-79,120,188,308
1963,79-80,105,164,269
1963,80-81,90,141,231
1963,81-82,80,124,204
1963,82-83,69,106,175
1963,83-84,58,90,148
1963,84-85,48,75,123
1963,85-86,40,62,102
1963,86-87,31,48,79
1963,87-88,24,39,63
1963,88-89,18,29,47
1963,89-90,13,21,34
1963,90-91,7,11,18
1963,91-92,5,8,13
1963,92-93,2,4,6
1963,93-94,2,3,5
1963,94-95,1,2,3
1963,95-96,0,0,0
1963,96-97,0,0,0
1963,97-98,0,0,0
1963,98-99,0,0,0
1963,99-100,0,0,0
1964,0-1,680,646,1326
1964,1-2,676,643,1319
1964,2-3,654,624,1278
1964,3-4,651,621,1272
1964,4-5,624,596,1220
1964,5-6,615,584,1199
1964,6-7,580,551,1131
1964,7-8,572,543,1115
1964,8-9,557,531,1088
1964,9-10,543,516,1059
1964,10-11,542,515,1057
1964,11-12,530,505,1035
1964,12-13,534,508,1042
1964,13-14,529,503,1032
1964,14-15,535,508,1043
1964,15-16,522,495,1017
1964,16-17,487,461,948
1964,17-18,463,441,904
1964,18-19,420,397,817
1964,19-20,377,361,738
1964,20-21,521,497,1018
1964,21-22,538,510,1048
1964,22-23,523,495,1018
1964,23-24,649,608,1257
1964,24-25,697,649,1346
1964,25-26,691,643,1334
1964,26-27,650,603,1253
1964,27-28,613,570,1183
1964,28-29,610,569,1179
1964,29-30,601,561,1162
1964,30-31,571,531,1102
1964,31-32,469,435,904
1964,32-33,475,443,918
1964,33-34,493,462,955
1964,34-35,528,499,1027
1964,35-36,517,495,1012
1964,36-37,522,506,1028
1964,37-38,470,492,962
1964,38-39,443,515,958
1964,39-40,430,537,967
1964,40-41,383,525,908
1964,41-42,380,530,910
1964,42-43,407,562,969
1964,43-44,427,601,1028
1964,44-45,424,611,1035
1964,45-46,327,465,792
1964,46-47,218,309,527
1964,47-48,212,296,508
1964,48-49,235,332,567
1964,49-50,311,446,757
1964,50-51,399,575,974
1964,51-52,420,587,1007
1964,52-53,438,601,1039
1964,53-54,420,574,994
1964,54-55,432,597,1029
1964,55-56,452,609,1061
1964,56-57,449,603,1052
1964,57-58,452,586,1038
1964,58-59,445,581,1026
1964,59-60,455,553,1008
1964,60-61,450,550,1000
1964,61-62,425,525,950
1964,62-63,427,534,961
1964,63-64,406,515,921
1964,64-65,382,490,872
1964,65-66,350,472,822
1964,66-67,320,463,783
1964,67-68,289,435,724
1964,68-69,270,427,697
1964,69-70,244,396,640
1964,70-71,225,377,602
1964,71-72,212,356,568
1964,72-73,194,325,519
1964,73-74,187,313,500
1964,74-75,169,282,451
1964,75-76,160,265,425
1964,76-77,147,241,388
1964,77-78,134,219,353
1964,78-79,118,194,312
1964,79-80,107,172,279
1964,80-81,94,149,243
1964,81-82,79,127,206
1964,82-83,69,110,179
1964,83-84,59,93,152
1964,84-85,49,77,126
1964,85-86,40,63,103
1964,86-87,32,52,84
1964,87-88,25,40,65
1964,88-89,19,31,50
1964,89-90,14,23,37
1964,90-91,10,16,26
1964,91-92,6,11,17
1964,92-93,5,8,13
1964,93-94,2,4,6
1964,94-95,2,3,5
1964,95-96,0,0,0
1964,96-97,0,0,0
1964,97-98,0,0,0
1964,98-99,0,0,0
1964,99-100,0,0,0
1965,0-1,665,631,1296
1965,1-2,678,645,1323
1965,2-3,676,643,1319
1965,3-4,655,624,1279
1965,4-5,651,622,1273
1965,5-6,625,597,1222
1965,6-7,616,585,1201
1965,7-8,581,551,1132
1965,8-9,573,543,1116
1965,9-10,558,532,1090
1965,10-11,544,517,1061
1965,11-12,543,516,1059
1965,12-13,530,506,1036
1965,13-14,535,509,1044
1965,14-15,531,505,1036
1965,15-16,536,510,1046
1965,16-17,524,497,1021
1965,17-18,491,464,955
1965,18-19,471,446,917
1965,19-20,426,403,829
1965,20-21,381,366,747
1965,21-22,524,501,1025
1965,22-23,542,514,1056
1965,23-24,534,499,1033
1965,24-25,660,611,1271
1965,25-26,710,652,1362
1965,26-27,701,645,1346
1965,27-28,658,606,1264
1965,28-29,619,572,1191
1965,29-30,616,571,1187
1965,30-31,607,563,1170
1965,31-32,577,533,1110
1965,32-33,476,437,913
1965,33-34,480,445,925
1965,34-35,498,464,962
1965,35-36,533,501,1034
1965,36-37,521,497,1018
1965,37-38,525,507,1032
1965,38-39,473,493,966
1965,39-40,446,516,962
1965,40-41,432,538,970
1965,41-42,384,526,910
1965,42-43,382,530,912
1965,43-44,408,561,969
1965,44-45,427,600,1027
1965,45-46,424,610,1034
1965,46-47,327,464,791
1965,47-48,218,308,526
1965,48-49,212,296,508
1965,49-50,234,331,565
1965,50-51,310,444,754
1965,51-52,397,573,970
1965,52-53,418,585,1003
1965,53-54,435,599,1034
1965,54-55,416,571,987
1965,55-56,427,594,1021
1965,56-57,446,605,1051
1965,57-58,442,599,1041
1965,58-59,445,582,1027
1965,59-60,437,576,1013
1965,60-61,446,548,994
1965,61-62,441,545,986
1965,62-63,415,519,934
1965,63-64,416,527,943
1965,64-65,394,507,901
1965,65-66,370,482,852
1965,66-67,338,463,801
1965,67-68,308,453,761
1965,68-69,277,425,702
1965,69-70,258,416,674
1965,70-71,232,384,616
1965,71-72,212,364,576
1965,72-73,199,343,542
1965,73-74,182,311,493
1965,74-75,174,298,472
1965,75-76,157,267,424
1965,76-77,147,249,396
1965,77-78,134,225,359
1965,78-79,121,203,324
1965,79-80,106,177,283
1965,80-81,94,156,250
1965,81-82,82,133,215
1965,82-83,68,112,180
1965,83-84,59,96,155
1965,84-85,49,80,129
1965,85-86,40,65,105
1965,86-87,32,53,85
1965,87-88,26,43,69
1965,88-89,20,32,52
1965,89-90,15,25,40
1965,90-91,11,18,29
1965,91-92,7,12,19
1965,92-93,5,8,13
1965,93-94,3,6,9
1965,94-95,1,3,4
1965,95-96,0,0,0
1965,96-97,0,0,0
1965,97-98,0,0,0
1965,98-99,0,0,0
1965,99-100,0,0,0
1966,0-1,661,630,1291
1966,1-2,662,628,1290
1966,2-3,677,644,1321
1966,3-4,676,644,1320
1966,4-5,656,625,1281
1966,5-6,652,622,1274
1966,6-7,626,597,1223
1966,7-8,617,585,1202
1966,8-9,582,552,1134
1966,9-10,573,544,1117
1966,10-11,559,533,1092
1966,11-12,545,518,1063
1966,12-13,543,517,1060
1966,13-14,531,507,1038
1966,14-15,536,510,1046
1966,15-16,532,506,1038
1966,16-17,538,511,1049
1966,17-18,527,499,1026
1966,18-19,496,469,965
1966,19-20,474,451,925
1966,20-21,425,408,833
1966,21-22,380,370,750
1966,22-23,526,504,1030
1966,23-24,547,516,1063
1966,24-25,538,501,1039
1966,25-26,663,612,1275
1966,26-27,710,654,1364
1966,27-28,700,646,1346
1966,28-29,657,607,1264
1966,29-30,618,573,1191
1966,30-31,615,572,1187
1966,31-32,605,564,1169
1966,32-33,575,534,1109
1966,33-34,474,438,912
1966,34-35,479,445,924
1966,35-36,496,464,960
1966,36-37,531,502,1033
1966,37-38,519,497,1016
1966,38-39,523,507,1030
1966,39-40,471,493,964
1966,40-41,444,516,960
1966,41-42,430,538,968
1966,42-43,383,525,908
1966,43-44,380,529,909
1966,44-45,406,561,967
1966,45-46,425,599,1024
1966,46-47,422,609,1031
1966,47-48,325,463,788
1966,48-49,217,307,524
1966,49-50,211,295,506
1966,50-51,232,330,562
1966,51-52,307,443,750
1966,52-53,393,571,964
1966,53-54,414,582,996
1966,54-55,430,595,1025
1966,55-56,412,568,980
1966,56-57,422,590,1012
1966,57-58,440,601,1041
1966,58-59,435,595,1030
1966,59-60,437,577,1014
1966,60-61,428,571,999
1966,61-62,436,542,978
1966,62-63,430,538,968
1966,63-64,403,512,915
1966,64-65,404,519,923
1966,65-66,381,499,880
1966,66-67,357,473,830
1966,67-68,324,454,778
1966,68-69,295,443,738
1966,69-70,264,414,678
1966,70-71,245,404,649
1966,71-72,219,372,591
1966,72-73,200,351,551
1966,73-74,187,328,515
1966,74-75,169,297,466
1966,75-76,161,282,443
1966,76-77,144,251,395
1966,77-78,134,233,367
1966,78-79,121,208,329
1966,79-80,108,186,294
1966,80-81,93,161,254
1966,81-82,82,140,222
1966,82-83,70,118,188
1966,83-84,57,97,154
1966,84-85,49,83,132
1966,85-86,41,68,109
1966,86-87,32,55,87
1966,87-88,25,43,68
1966,88-89,20,35,55
1966,89-90,15,25,40
1966,90-91,11,19,30
1966,91-92,8,14,22
1966,92-93,5,9,14
1966,93-94,3,6,9
1966,94-95,2,4,6
1966,95-96,0,0,0
1966,96-97,0,0,0
1966,97-98,0,0,0
1966,98-99,0,0,0
1966,99-100,0,0,0
1967,0-1,638,607,1245
1967,1-2,655,625,1280
1967,2-3,659,626,1285
1967,3-4,676,643,1319
1967,4-5,675,643,1318
1967,5-6,655,624,1279
1967,6-7,652,622,1274
1967,7-8,625,597,1222
1967,8-9,616,585,1201
1967,9-10,582,552,1134
1967,10-11,574,544,1118
1967,11-12,559,533,1092
1967,12-13,545,518,1063
1967,13-14,544,518,1062
1967,14-15,531,508,1039
1967,15-16,536,510,1046
1967,16-17,532,507,1039
1967,17-18,538,512,1050
1967,18-19,527,500,1027
1967,19-20,494,469,963
1967,20-21,469,451,920
1967,21-22,421,407,828
1967,22-23,377,368,745
1967,23-24,522,502,1024
1967,24-25,543,514,1057
1967,25-26,532,498,1030
1967,26-27,655,610,1265
1967,27-28,699,650,1349
1967,28-29,690,643,1333
1967,29-30,646,604,1250
1967,30-31,608,570,1178
1967,31-32,605,569,1174
1967,32-33,596,561,1157
1967,33-34,566,532,1098
1967,34-35,466,436,902
1967,35-36,471,444,915
1967,36-37,489,463,952
1967,37-38,524,500,1024
1967,38-39,513,496,1009
1967,39-40,517,506,1023
1967,40-41,466,491,957
1967,41-42,438,515,953
1967,42-43,426,536,962
1967,43-44,378,524,902
1967,44-45,376,528,904
1967,45-46,402,559,961
1967,46-47,421,597,1018
1967,47-48,418,607,1025
1967,48-49,322,461,783
1967,49-50,215,306,521
1967,50-51,208,294,502
1967,51-52,230,328,558
1967,52-53,304,441,745
1967,53-54,389,568,957
1967,54-55,409,579,988
1967,55-56,425,592,1017
1967,56-57,406,565,971
1967,57-58,416,586,1002
1967,58-59,433,597,1030
1967,59-60,427,590,1017
1967,60-61,428,572,1000
1967,61-62,419,565,984
1967,62-63,426,536,962
1967,63-64,419,531,950
1967,64-65,392,505,897
1967,65-66,391,511,902
1967,66-67,368,490,858
1967,67-68,343,464,807
1967,68-69,310,444,754
1967,69-70,281,432,713
1967,70-71,250,402,652
1967,71-72,232,391,623
1967,72-73,206,358,564
1967,73-74,187,337,524
1967,74-75,174,313,487
1967,75-76,156,282,438
1967,76-77,148,266,414
1967,77-78,131,234,365
1967,78-79,121,216,337
1967,79-80,108,191,299
1967,80-81,96,169,265
1967,81-82,82,145,227
1967,82-83,71,124,195
1967,83-84,60,103,163
1967,84-85,48,84,132
1967,85-86,41,71,112
1967,86-87,33,57,90
1967,87-88,26,45,71
1967,88-89,20,34,54
1967,89-90,16,28,44
1967,90-91,11,19,30
1967,91-92,8,15,23
1967,92-93,6,10,16
1967,93-94,4,7,11
1967,94-95,2,4,6
1967,95-96,0,0,0
1967,96-97,0,0,0
1967,97-98,0,0,0
1967,98-99,0,0,0
1967,99-100,0,0,0
1968,0-1,611,581,1192
1968,1-2,635,605,1240
1968,2-3,655,625,1280
1968,3-4,660,627,1287
1968,4-5,677,644,1321
1968,5-6,676,644,1320
1968,6-7,656,625,1281
1968,7-8,652,623,1275
1968,8-9,626,598,1224
1968,9-10,617,586,1203
1968,10-11,583,553,1136
1968,11-12,574,546,1120
1968,12-13,560,534,1094
1968,13-14,546,519,1065
1968,14-15,545,519,1064
1968,15-16,533,509,1042
1968,16-17,538,513,1051
1968,17-18,535,509,1044
1968,18-19,545,518,1063
1968,19-20,534,507,1041
1968,20-21,498,476,974
1968,21-22,475,456,931
1968,22-23,429,411,840
1968,23-24,387,372,759
1968,24-25,531,505,1036
1968,25-26,550,516,1066
1968,26-27,538,500,1038
1968,27-28,660,611,1271
1968,28-29,705,651,1356
1968,29-30,694,645,1339
1968,30-31,650,605,1255
1968,31-32,612,571,1183
1968,32-33,608,571,1179
1968,33-34,599,562,1161
1968,34-35,570,533,1103
1968,35-36,470,437,907
1968,36-37,474,444,918
1968,37-38,491,463,954
1968,38-39,526,501,1027
1968,39-40,515,496,1011
1968,40-41,519,506,1025
1968,41-42,466,491,957
1968,42-43,439,515,954
1968,43-44,426,536,962
1968,44-45,378,523,901
1968,45-46,375,527,902
1968,46-47,401,558,959
1968,47-48,420,596,1016
1968,48-49,416,605,1021
1968,49-50,320,460,780
1968,50-51,213,305,518
1968,51-52,207,292,499
1968,52-53,228,327,555
1968,53-54,301,438,739
1968,54-55,385,565,950
1968,55-56,405,576,981
1968,56-57,419,588,1007
1968,57-58,400,561,961
1968,58-59,409,582,991
1968,59-60,426,592,1018
1968,60-61,419,584,1003
1968,61-62,419,566,985
1968,62-63,409,558,967
1968,63-64,414,529,943
1968,64-65,407,524,931
1968,65-66,378,496,874
1968,66-67,377,501,878
1968,67-68,353,479,832
1968,68-69,327,453,780
1968,69-70,294,431,725
1968,70-71,266,419,685
1968,71-72,236,389,625
1968,72-73,217,376,593
1968,73-74,192,343,535
1968,74-75,173,320,493
1968,75-76,160,296,456
1968,76-77,143,264,407
1968,77-78,134,248,382
1968,78-79,117,216,333
1968,79-80,107,197,304
1968,80-81,95,173,268
1968,81-82,83,150,233
1968,82-83,70,127,197
1968,83-84,60,107,167
1968,84-85,50,88,138
1968,85-86,39,70,109
1968,86-87,32,58,90
1968,87-88,26,46,72
1968,88-89,20,36,56
1968,89-90,15,26,41
1968,90-91,11,21,32
1968,91-92,8,14,22
1968,92-93,6,10,16
1968,93-94,4,7,11
1968,94-95,2,5,7
1968,95-96,0,0,0
1968,96-97,0,0,0
1968,97-98,0,0,0
1968,98-99,0,0,0
1968,99-100,0,0,0
1969,0-1,574,546,1120
1969,1-2,609,580,1189
1969,2-3,636,606,1242
1969,3-4,656,627,1283
1969,4-5,662,629,1291
1969,5-6,679,646,1325
1969,6-7,678,645,1323
1969,7-8,657,626,1283
1969,8-9,654,624,1278
1969,9-10,628,600,1228
1969,10-11,619,588,1207
1969,11-12,585,555,1140
1969,12-13,576,547,1123
1969,13-14,562,536,1098
1969,14-15,549,521,1070
1969,15-16,548,522,1070
1969,16-17,537,513,1050
1969,17-18,543,517,1060
1969,18-19,545,519,1064
1969,19-20,555,530,1085
1969,20-21,541,518,1059
1969,21-22,511,486,997
1969,22-23,492,465,957
1969,23-24,450,419,869
1969,24-25,406,378,784
1969,25-26,548,510,1058
1969,26-27,565,521,1086
1969,27-28,554,505,1059
1969,28-29,675,615,1290
1969,29-30,721,656,1377
1969,30-31,708,648,1356
1969,31-32,663,609,1272
1969,32-33,624,575,1199
1969,33-34,619,574,1193
1969,34-35,609,565,1174
1969,35-36,581,536,1117
1969,36-37,478,440,918
1969,37-38,481,447,928
1969,38-39,498,465,963
1969,39-40,532,502,1034
1969,40-41,519,497,1016
1969,41-42,522,507,1029
1969,42-43,469,492,961
1969,43-44,441,515,956
1969,44-45,427,535,962
1969,45-46,379,523,902
1969,46-47,375,526,901
1969,47-48,401,557,958
1969,48-49,419,594,1013
1969,49-50,415,604,1019
1969,50-51,319,458,777
1969,51-52,212,303,515
1969,52-53,206,291,497
1969,53-54,226,325,551
1969,54-55,299,436,735
1969,55-56,382,562,944
1969,56-57,400,572,972
1969,57-58,414,585,999
1969,58-59,394,556,950
1969,59-60,402,577,979
1969,60-61,417,586,1003
1969,61-62,410,578,988
1969,62-63,409,559,968
1969,63-64,397,551,948
1969,64-65,402,521,923
1969,65-66,393,515,908
1969,66-67,364,487,851
1969,67-68,361,490,851
1969,68-69,336,468,804
1969,69-70,310,441,751
1969,70-71,278,418,696
1969,71-72,250,405,655
1969,72-73,220,373,593
1969,73-74,202,360,562
1969,74-75,177,326,503
1969,75-76,158,303,461
1969,76-77,145,278,423
1969,77-78,129,246,375
1969,78-79,120,229,349
1969,79-80,104,198,302
1969,80-81,94,179,273
1969,81-82,82,155,237
1969,82-83,71,133,204
1969,83-84,59,111,170
1969,84-85,50,92,142
1969,85-86,41,74,115
1969,86-87,31,58,89
1969,87-88,25,47,72
1969,88-89,20,37,57
1969,89-90,15,28,43
1969,90-91,11,20,31
1969,91-92,8,16,24
1969,92-93,5,10,15
1969,93-94,4,7,11
1969,94-95,3,5,8
1969,95-96,0,0,0
1969,96-97,0,0,0
1969,97-98,0,0,0
1969,98-99,0,0,0
1969,99-100,0,0,0
1970,0-1,520,496,1016
1970,1-2,569,541,1110
1970,2-3,607,577,1184
1970,3-4,631,601,1232
1970,4-5,653,622,1275
1970,5-6,662,627,1289
1970,6-7,677,643,1320
1970,7-8,674,642,1316
1970,8-9,652,621,1273
1970,9-10,651,620,1271
1970,10-11,629,600,1229
1970,11-12,616,584,1200
1970,12-13,586,554,1140
1970,13-14,576,546,1122
1970,14-15,562,534,1096
1970,15-16,551,521,1072
1970,16-17,553,527,1080
1970,17-18,539,515,1054
1970,18-19,548,522,1070
1970,19-20,544,520,1064
1970,20-21,549,528,1077
1970,21-22,541,513,1054
1970,22-23,505,480,985
1970,23-24,484,460,944
1970,24-25,438,413,851
1970,25-26,396,374,770
1970,26-27,531,503,1034
1970,27-28,549,514,1063
1970,28-29,541,501,1042
1970,29-30,659,612,1271
1970,30-31,712,657,1369
1970,31-32,702,650,1352
1970,32-33,661,611,1272
1970,33-34,624,577,1201
1970,34-35,619,575,1194
1970,35-36,609,566,1175
1970,36-37,579,535,1114
1970,37-38,476,439,915
1970,38-39,478,447,925
1970,39-40,493,463,956
1970,40-41,527,501,1028
1970,41-42,515,494,1009
1970,42-43,517,503,1020
1970,43-44,464,490,954
1970,44-45,436,511,947
1970,45-46,422,532,954
1970,46-47,374,520,894
1970,47-48,370,522,892
1970,48-49,395,552,947
1970,49-50,414,589,1003
1970,50-51,409,599,1008
1970,51-52,315,454,769
1970,52-53,210,300,510
1970,53-54,204,290,494
1970,54-55,224,322,546
1970,55-56,295,432,727
1970,56-57,377,556,933
1970,57-58,395,568,963
1970,58-59,408,579,987
1970,59-60,388,551,939
1970,60-61,394,569,963
1970,61-62,406,576,982
1970,62-63,399,568,967
1970,63-64,398,551,949
1970,64-65,386,540,926
1970,65-66,389,511,900
1970,66-67,380,504,884
1970,67-68,353,477,830
1970,68-69,345,478,823
1970,69-70,321,454,775
1970,70-71,293,424,717
1970,71-72,261,403,664
1970,72-73,234,387,621
1970,73-74,205,356,561
1970,74-75,185,339,524
1970,75-76,162,307,469
1970,76-77,144,284,428
1970,77-78,132,259,391
1970,78-79,115,227,342
1970,79-80,107,209,316
1970,80-81,92,179,271
1970,81-82,81,158,239
1970,82-83,71,137,208
1970,83-84,60,116,176
1970,84-85,49,95,144
1970,85-86,41,78,119
1970,86-87,33,62,95
1970,87-88,26,49,75
1970,88-89,20,38,58
1970,89-90,16,29,45
1970,90-91,11,21,32
1970,91-92,8,15,23
1970,92-93,6,11,17
1970,93-94,4,8,12
1970,94-95,3,5,8
1970,95-96,0,0,0
1970,96-97,0,0,0
1970,97-98,0,0,0
1970,98-99,0,0,0
1970,99-100,0,0,0
1971,0-1,510,484,994
1971,1-2,519,496,1015
1971,2-3,571,544,1115
1971,3-4,610,580,1190
1971,4-5,634,604,1238
1971,5-6,656,625,1281
1971,6-7,665,630,1295
1971,7-8,679,646,1325
1971,8-9,676,644,1320
1971,9-10,655,624,1279
1971,10-11,654,623,1277
1971,11-12,632,603,1235
1971,12-13,619,587,1206
1971,13-14,588,557,1145
1971,14-15,579,549,1128
1971,15-16,569,538,1107
1971,16-17,557,525,1082
1971,17-18,558,532,1090
1971,18-19,547,522,1069
1971,19-20,556,531,1087
1971,20-21,546,529,1075
1971,21-22,557,536,1093
1971,22-23,552,521,1073
1971,23-24,518,487,1005
1971,24-25,497,466,963
1971,25-26,448,418,866
1971,26-27,405,379,784
1971,27-28,539,507,1046
1971,28-29,555,517,1072
1971,29-30,548,504,1052
1971,30-31,665,615,1280
1971,31-32,718,660,1378
1971,32-33,708,652,1360
1971,33-34,666,613,1279
1971,34-35,629,579,1208
1971,35-36,623,577,1200
1971,36-37,611,568,1179
1971,37-38,581,536,1117
1971,38-39,479,441,920
1971,39-40,481,448,929
1971,40-41,494,464,958
1971,41-42,528,502,1030
1971,42-43,515,495,1010
1971,43-44,517,503,1020
1971,44-45,464,489,953
1971,45-46,435,511,946
1971,46-47,421,531,952
1971,47-48,373,519,892
1971,48-49,369,521,890
1971,49-50,394,551,945
1971,50-51,411,587,998
1971,51-52,407,596,1003
1971,52-53,313,452,765
1971,53-54,208,299,507
1971,54-55,202,288,490
1971,55-56,221,320,541
1971,56-57,292,430,722
1971,57-58,372,552,924
1971,58-59,389,564,953
1971,59-60,401,574,975
1971,60-61,381,547,928
1971,61-62,386,564,950
1971,62-63,397,570,967
1971,63-64,389,561,950
1971,64-65,387,543,930
1971,65-66,373,532,905
1971,66-67,376,502,878
1971,67-68,365,494,859
1971,68-69,338,467,805
1971,69-70,329,466,795
1971,70-71,304,441,745
1971,71-72,276,411,687
1971,72-73,244,388,632
1971,73-74,218,371,589
1971,74-75,190,340,530
1971,75-76,171,322,493
1971,76-77,148,289,437
1971,77-78,130,265,395
1971,78-79,119,240,359
1971,79-80,103,209,312
1971,80-81,94,189,283
1971,81-82,80,161,241
1971,82-83,69,140,209
1971,83-84,61,120,181
1971,84-85,51,100,151
1971,85-86,40,80,120
1971,86-87,33,65,98
1971,87-88,27,51,78
1971,88-89,20,39,59
1971,89-90,15,30,45
1971,90-91,12,22,34
1971,91-92,8,16,24
1971,92-93,6,11,17
1971,93-94,4,8,12
1971,94-95,3,5,8
1971,95-96,0,0,0
1971,96-97,0,0,0
1971,97-98,0,0,0
1971,98-99,0,0,0
1971,99-100,0,0,0
1972,0-1,453,431,884
1972,1-2,508,483,991
1972,2-3,521,497,1018
1972,3-4,575,547,1122
1972,4-5,614,583,1197
1972,5-6,637,606,1243
1972,6-7,658,626,1284
1972,7-8,666,631,1297
1972,8-9,681,647,1328
1972,9-10,678,646,1324
1972,10-11,657,625,1282
1972,11-12,656,625,1281
1972,12-13,635,605,1240
1972,13-14,621,589,1210
1972,14-15,591,559,1150
1972,15-16,585,552,1137
1972,16-17,575,542,1117
1972,17-18,562,530,1092
1972,18-19,565,539,1104
1972,19-20,554,532,1086
1972,20-21,557,541,1098
1972,21-22,551,536,1087
1972,22-23,567,544,1111
1972,23-24,561,527,1088
1972,24-25,528,494,1022
1972,25-26,505,471,976
1972,26-27,454,422,876
1972,27-28,410,382,792
1972,28-29,543,510,1053
1972,29-30,559,520,1079
1972,30-31,554,507,1061
1972,31-32,667,617,1284
1972,32-33,719,662,1381
1972,33-34,709,654,1363
1972,34-35,668,615,1283
1972,35-36,629,580,1209
1972,36-37,624,578,1202
1972,37-38,611,568,1179
1972,38-39,581,537,1118
1972,39-40,479,441,920
1972,40-41,481,448,929
1972,41-42,493,464,957
1972,42-43,527,502,1029
1972,43-44,514,494,1008
1972,44-45,515,503,1018
1972,45-46,462,489,951
1972,46-47,434,510,944
1972,47-48,419,530,949
1972,48-49,371,518,889
1972,49-50,367,519,886
1972,50-51,391,549,940
1972,51-52,409,585,994
1972,52-53,403,594,997
1972,53-54,310,450,760
1972,54-55,206,297,503
1972,55-56,199,287,486
1972,56-57,219,319,538
1972,57-58,288,427,715
1972,58-59,367,549,916
1972,59-60,383,560,943
1972,60-61,394,569,963
1972,61-62,373,542,915
1972,62-63,377,558,935
1972,63-64,387,563,950
1972,64-65,378,554,932
1972,65-66,375,534,909
1972,66-67,361,523,884
1972,67-68,361,492,853
1972,68-69,350,484,834
1972,69-70,322,455,777
1972,70-71,312,453,765
1972,71-72,287,427,714
1972,72-73,259,397,656
1972,73-74,228,373,601
1972,74-75,202,354,556
1972,75-76,174,322,496
1972,76-77,156,303,459
1972,77-78,134,271,405
1972,78-79,117,246,363
1972,79-80,106,221,327
1972,80-81,91,190,281
1972,81-82,82,170,252
1972,82-83,69,143,212
1972,83-84,59,123,182
1972,84-85,51,103,154
1972,85-86,42,85,127
1972,86-87,33,67,100
1972,87-88,27,54,81
1972,88-89,21,41,62
1972,89-90,15,31,46
1972,90-91,11,23,34
1972,91-92,9,17,26
1972,92-93,6,12,18
1972,93-94,4,8,12
1972,94-95,3,5,8
1972,95-96,0,0,0
1972,96-97,0,0,0
1972,97-98,0,0,0
1972,98-99,0,0,0
1972,99-100,0,0,0
1973,0-1,410,391,801
1973,1-2,451,430,881
1973,2-3,509,484,993
1973,3-4,524,500,1024
1973,4-5,578,549,1127
1973,5-6,617,585,1202
1973,6-7,638,607,1245
1973,7-8,659,628,1287
1973,8-9,668,633,1301
1973,9-10,684,650,1334
1973,10-11,680,648,1328
1973,11-12,660,628,1288
1973,12-13,658,627,1285
1973,13-14,637,607,1244
1973,14-15,625,591,1216
1973,15-16,597,563,1160
1973,16-17,590,556,1146
1973,17-18,580,547,1127
1973,18-19,571,538,1109
1973,19-20,573,550,1123
1973,20-21,555,542,1097
1973,21-22,565,550,1115
1973,22-23,563,543,1106
1973,23-24,582,552,1134
1973,24-25,576,533,1109
1973,25-26,541,499,1040
1973,26-27,514,476,990
1973,27-28,461,426,887
1973,28-29,417,386,803
1973,29-30,550,513,1063
1973,30-31,568,522,1090
1973,31-32,559,509,1068
1973,32-33,671,619,1290
1973,33-34,723,663,1386
1973,34-35,712,655,1367
1973,35-36,670,616,1286
1973,36-37,630,581,1211
1973,37-38,623,578,1201
1973,38-39,611,569,1180
1973,39-40,581,537,1118
1973,40-41,479,441,920
1973,41-42,480,449,929
1973,42-43,492,464,956
1973,43-44,525,501,1026
1973,44-45,512,494,1006
1973,45-46,513,503,1016
1973,46-47,460,488,948
1973,47-48,431,509,940
1973,48-49,417,529,946
1973,49-50,369,516,885
1973,50-51,364,518,882
1973,51-52,388,547,935
1973,52-53,405,582,987
1973,53-54,400,591,991
1973,54-55,307,448,755
1973,55-56,203,296,499
1973,56-57,197,285,482
1973,57-58,216,317,533
1973,58-59,284,424,708
1973,59-60,361,544,905
1973,60-61,375,555,930
1973,61-62,386,564,950
1973,62-63,364,536,900
1973,63-64,368,552,920
1973,64-65,376,555,931
1973,65-66,366,545,911
1973,66-67,362,525,887
1973,67-68,347,513,860
1973,68-69,346,482,828
1973,69-70,333,472,805
1973,70-71,305,443,748
1973,71-72,294,439,733
1973,72-73,269,412,681
1973,73-74,241,381,622
1973,74-75,211,356,567
1973,75-76,186,337,523
1973,76-77,159,304,463
1973,77-78,141,284,425
1973,78-79,120,252,372
1973,79-80,104,227,331
1973,80-81,93,201,294
1973,81-82,79,172,251
1973,82-83,70,152,222
1973,83-84,59,126,185
1973,84-85,49,106,155
1973,85-86,42,88,130
1973,86-87,34,71,105
1973,87-88,26,55,81
1973,88-89,21,43,64
1973,89-90,16,33,49
1973,90-91,12,24,36
1973,91-92,8,17,25
1973,92-93,6,12,18
1973,93-94,4,9,13
1973,94-95,2,5,7
1973,95-96,0,0,0
1973,96-97,0,0,0
1973,97-98,0,0,0
1973,98-99,0,0,0
1973,99-100,0,0,0
1974,0-1,405,386,791
1974,1-2,408,390,798
1974,2-3,453,431,884
1974,3-4,513,487,1000
1974,4-5,528,503,1031
1974,5-6,582,552,1134
1974,6-7,618,586,1204
1974,7-8,638,608,1246
1974,8-9,661,630,1291
1974,9-10,671,635,1306
1974,10-11,685,652,1337
1974,11-12,682,650,1332
1974,12-13,661,630,1291
1974,13-14,660,628,1288
1974,14-15,640,609,1249
1974,15-16,627,593,1220
1974,16-17,598,565,1163
1974,17-18,590,558,1148
1974,18-19,582,550,1132
1974,19-20,570,542,1112
1974,20-21,566,554,1120
1974,21-22,553,544,1097
1974,22-23,565,552,1117
1974,23-24,562,544,1106
1974,24-25,579,553,1132
1974,25-26,571,534,1105
1974,26-27,536,499,1035
1974,27-28,509,476,985
1974,28-29,456,425,881
1974,29-30,411,385,796
1974,30-31,544,512,1056
1974,31-32,562,521,1083
1974,32-33,553,508,1061
1974,33-34,665,618,1283
1974,34-35,716,662,1378
1974,35-36,705,654,1359
1974,36-37,664,615,1279
1974,37-38,624,580,1204
1974,38-39,617,577,1194
1974,39-40,605,568,1173
1974,40-41,575,536,1111
1974,41-42,474,440,914
1974,42-43,475,448,923
1974,43-44,487,463,950
1974,44-45,520,500,1020
1974,45-46,507,492,999
1974,46-47,509,501,1010
1974,47-48,456,487,943
1974,48-49,427,507,934
1974,49-50,413,527,940
1974,50-51,365,515,880
1974,51-52,361,515,876
1974,52-53,384,544,928
1974,53-54,401,580,981
1974,54-55,395,588,983
1974,55-56,303,445,748
1974,56-57,200,294,494
1974,57-58,194,283,477
1974,58-59,213,314,527
1974,59-60,279,421,700
1974,60-61,354,540,894
1974,61-62,368,550,918
1974,62-63,377,558,935
1974,63-64,355,530,885
1974,64-65,358,544,902
1974,65-66,365,547,912
1974,66-67,354,536,890
1974,67-68,349,516,865
1974,68-69,333,502,835
1974,69-70,330,471,801
1974,70-71,317,459,776
1974,71-72,289,429,718
1974,72-73,276,424,700
1974,73-74,251,397,648
1974,74-75,224,365,589
1974,75-76,194,339,533
1974,76-77,170,318,488
1974,77-78,144,286,430
1974,78-79,126,265,391
1974,79-80,107,232,339
1974,80-81,92,207,299
1974,81-82,81,182,263
1974,82-83,68,153,221
1974,83-84,60,133,193
1974,84-85,50,109,159
1974,85-86,41,91,132
1974,86-87,34,74,108
1974,87-88,27,59,86
1974,88-89,20,45,65
1974,89-90,16,34,50
1974,90-91,12,26,38
1974,91-92,9,18,27
1974,92-93,6,13,19
1974,93-94,4,9,13
1974,94-95,3,6,9
1974,95-96,0,0,0
1974,96-97,0,0,0
1974,97-98,0,0,0
1974,98-99,0,0,0
1974,99-100,0,0,0
1975,0-1,394,373,767
1975,1-2,399,382,781
1975,2-3,406,389,795
1975,3-4,452,431,883
1975,4-5,513,487,1000
1975,5-6,528,503,1031
1975,6-7,579,551,1130
1975,7-8,615,585,1200
1975,8-9,637,608,1245
1975,9-10,660,630,1290
1975,10-11,670,636,1306
1975,11-12,685,652,1337
1975,12-13,682,650,1332
1975,13-14,661,630,1291
1975,14-15,659,628,1287
1975,15-16,639,609,1248
1975,16-17,626,593,1219
1975,17-18,597,564,1161
1975,18-19,590,558,1148
1975,19-20,580,551,1131
1975,20-21,564,543,1107
1975,21-22,563,553,1116
1975,22-23,551,543,1094
1975,23-24,563,550,1113
1975,24-25,558,542,1100
1975,25-26,574,550,1124
1975,26-27,566,531,1097
1975,27-28,529,496,1025
1975,28-29,501,472,973
1975,29-30,448,422,870
1975,30-31,404,382,786
1975,31-32,537,509,1046
1975,32-33,554,518,1072
1975,33-34,545,505,1050
1975,34-35,657,615,1272
1975,35-36,707,660,1367
1975,36-37,697,652,1349
1975,37-38,656,613,1269
1975,38-39,617,578,1195
1975,39-40,610,575,1185
1975,40-41,599,566,1165
1975,41-42,568,534,1102
1975,42-43,467,438,905
1975,43-44,469,446,915
1975,44-45,482,461,943
1975,45-46,514,498,1012
1975,46-47,502,491,993
1975,47-48,504,499,1003
1975,48-49,451,485,936
1975,49-50,423,505,928
1975,50-51,408,525,933
1975,51-52,361,512,873
1975,52-53,357,513,870
1975,53-54,380,542,922
1975,54-55,396,576,972
1975,55-56,390,584,974
1975,56-57,299,442,741
1975,57-58,197,292,489
1975,58-59,190,281,471
1975,59-60,209,312,521
1975,60-61,273,417,690
1975,61-62,347,534,881
1975,62-63,360,544,904
1975,63-64,367,551,918
1975,64-65,346,523,869
1975,65-66,347,536,883
1975,66-67,352,538,890
1975,67-68,340,526,866
1975,68-69,334,505,839
1975,69-70,317,490,807
1975,70-71,313,458,771
1975,71-72,299,445,744
1975,72-73,271,415,686
1975,73-74,257,407,664
1975,74-75,232,379,611
1975,75-76,205,347,552
1975,76-77,177,320,497
1975,77-78,153,298,451
1975,78-79,129,265,394
1975,79-80,112,244,356
1975,80-81,94,211,305
1975,81-82,80,187,267
1975,82-83,69,162,231
1975,83-84,58,134,192
1975,84-85,50,115,165
1975,85-86,41,93,134
1975,86-87,33,76,109
1975,87-88,27,61,88
1975,88-89,21,47,68
1975,89-90,16,35,51
1975,90-91,12,26,38
1975,91-92,9,19,28
1975,92-93,6,13,19
1975,93-94,4,9,13
1975,94-95,3,7,10
1975,95-96,0,0,0
1975,96-97,0,0,0
1975,97-98,0,0,0
1975,98-99,0,0,0
1975,99-100,0,0,0
1976,0-1,403,384,787
1976,1-2,389,370,759
1976,2-3,397,381,778
1976,3-4,405,388,793
1976,4-5,452,431,883
1976,5-6,513,487,1000
1976,6-7,525,501,1026
1976,7-8,576,549,1125
1976,8-9,614,585,1199
1976,9-10,637,608,1245
1976,10-11,660,630,1290
1976,11-12,671,636,1307
1976,12-13,685,653,1338
1976,13-14,682,651,1333
1976,14-15,661,630,1291
1976,15-16,660,629,1289
1976,16-17,640,610,1250
1976,17-18,627,594,1221
1976,18-19,599,566,1165
1976,19-20,591,559,1150
1976,20-21,579,553,1132
1976,21-22,564,543,1107
1976,22-23,566,553,1119
1976,23-24,553,542,1095
1976,24-25,563,548,1111
1976,25-26,557,540,1097
1976,26-27,572,548,1120
1976,27-28,562,529,1091
1976,28-29,525,494,1019
1976,29-30,497,470,967
1976,30-31,443,419,862
1976,31-32,400,380,780
1976,32-33,532,507,1039
1976,33-34,549,516,1065
1976,34-35,540,503,1043
1976,35-36,652,614,1266
1976,36-37,701,658,1359
1976,37-38,691,650,1341
1976,38-39,650,611,1261
1976,39-40,612,577,1189
1976,40-41,605,574,1179
1976,41-42,594,564,1158
1976,42-43,563,533,1096
1976,43-44,463,437,900
1976,44-45,465,444,909
1976,45-46,477,460,937
1976,46-47,510,496,1006
1976,47-48,497,489,986
1976,48-49,499,497,996
1976,49-50,447,483,930
1976,50-51,419,503,922
1976,51-52,404,522,926
1976,52-53,357,510,867
1976,53-54,352,510,862
1976,54-55,375,539,914
1976,55-56,391,573,964
1976,56-57,385,580,965
1976,57-58,294,439,733
1976,58-59,194,290,484
1976,59-60,187,279,466
1976,60-61,205,309,514
1976,61-62,268,413,681
1976,62-63,339,529,868
1976,63-64,351,538,889
1976,64-65,358,544,902
1976,65-66,335,515,850
1976,66-67,335,528,863
1976,67-68,339,528,867
1976,68-69,326,515,841
1976,69-70,319,493,812
1976,70-71,301,477,778
1976,71-72,296,444,740
1976,72-73,281,430,711
1976,73-74,253,399,652
1976,74-75,238,390,628
1976,75-76,214,361,575
1976,76-77,188,328,516
1976,77-78,160,300,460
1976,78-79,138,278,416
1976,79-80,115,245,360
1976,80-81,99,223,322
1976,81-82,82,191,273
1976,82-83,69,167,236
1976,83-84,59,142,201
1976,84-85,48,117,165
1976,85-86,41,98,139
1976,86-87,33,78,111
1976,87-88,26,63,89
1976,88-89,21,49,70
1976,89-90,16,37,53
1976,90-91,12,27,39
1976,91-92,9,20,29
1976,92-93,6,14,20
1976,93-94,4,10,14
1976,94-95,3,7,10
1976,95-96,0,0,0
1976,96-97,0,0,0
1976,97-98,0,0,0
1976,98-99,0,0,0
1976,99-100,0,0,0
1977,0-1,409,387,796
1977,1-2,400,382,782
1977,2-3,388,369,757
1977,3-4,396,381,777
1977,4-5,406,389,795
1977,5-6,452,432,884
1977,6-7,509,485,994
1977,7-8,522,500,1022
1977,8-9,576,550,1126
1977,9-10,615,585,1200
1977,10-11,637,608,1245
1977,11-12,661,631,1292
1977,12-13,671,637,1308
1977,13-14,686,653,1339
1977,14-15,683,652,1335
1977,15-16,662,631,1293
1977,16-17,661,630,1291
1977,17-18,642,612,1254
1977,18-19,630,596,1226
1977,19-20,601,569,1170
1977,20-21,592,563,1155
1977,21-22,581,555,1136
1977,22-23,569,545,1114
1977,23-24,570,554,1124
1977,24-25,555,543,1098
1977,25-26,564,548,1112
1977,26-27,557,539,1096
1977,27-28,571,547,1118
1977,28-29,561,528,1089
1977,29-30,523,493,1016
1977,30-31,494,469,963
1977,31-32,441,418,859
1977,32-33,397,379,776
1977,33-34,529,506,1035
1977,34-35,546,516,1062
1977,35-36,536,502,1038
1977,36-37,648,613,1261
1977,37-38,697,657,1354
1977,38-39,687,649,1336
1977,39-40,647,610,1257
1977,40-41,608,576,1184
1977,41-42,602,573,1175
1977,42-43,591,563,1154
1977,43-44,560,531,1091
1977,44-45,459,436,895
1977,45-46,462,443,905
1977,46-47,474,459,933
1977,47-48,506,495,1001
1977,48-49,494,488,982
1977,49-50,496,496,992
1977,50-51,443,481,924
1977,51-52,415,501,916
1977,52-53,401,520,921
1977,53-54,354,507,861
1977,54-55,349,508,857
1977,55-56,371,536,907
1977,56-57,386,570,956
1977,57-58,380,577,957
1977,58-59,290,436,726
1977,59-60,191,287,478
1977,60-61,184,276,460
1977,61-62,201,306,507
1977,62-63,262,409,671
1977,63-64,331,523,854
1977,64-65,342,532,874
1977,65-66,347,537,884
1977,66-67,325,507,832
1977,67-68,324,519,843
1977,68-69,327,519,846
1977,69-70,312,504,816
1977,70-71,304,481,785
1977,71-72,286,464,750
1977,72-73,279,430,709
1977,73-74,263,415,678
1977,74-75,236,383,619
1977,75-76,220,372,592
1977,76-77,197,343,540
1977,77-78,171,310,481
1977,78-79,145,281,426
1977,79-80,123,258,381
1977,80-81,102,225,327
1977,81-82,87,203,290
1977,82-83,71,172,243
1977,83-84,59,148,207
1977,84-85,50,125,175
1977,85-86,40,101,141
1977,86-87,34,83,117
1977,87-88,27,65,92
1977,88-89,21,52,73
1977,89-90,16,39,55
1977,90-91,12,29,41
1977,91-92,9,21,30
1977,92-93,6,15,21
1977,93-94,5,11,16
1977,94-95,3,7,10
1977,95-96,0,0,0
1977,96-97,0,0,0
1977,97-98,0,0,0
1977,98-99,0,0,0
1977,99-100,0,0,0
1978,0-1,411,390,801
1978,1-2,408,387,795
1978,2-3,400,383,783
1978,3-4,389,371,760
1978,4-5,398,382,780
1978,5-6,407,390,797
1978,6-7,450,431,881
1978,7-8,508,484,992
1978,8-9,524,501,1025
1978,9-10,578,552,1130
1978,10-11,617,587,1204
1978,11-12,639,610,1249
1978,12-13,663,633,1296
1978,13-14,673,639,1312
1978,14-15,688,655,1343
1978,15-16,685,653,1338
1978,16-17,665,633,1298
1978,17-18,664,632,1296
1978,18-19,646,615,1261
1978,19-20,633,600,1233
1978,20-21,604,572,1176
1978,21-22,596,564,1160
1978,22-23,586,556,1142
1978,23-24,574,546,1120
1978,24-25,574,555,1129
1978,25-26,558,543,1101
1978,26-27,566,548,1114
1978,27-28,558,539,1097
1978,28-29,572,547,1119
1978,29-30,561,527,1088
1978,30-31,522,492,1014
1978,31-32,493,468,961
1978,32-33,439,417,856
1978,33-34,395,378,773
1978,34-35,527,506,1033
1978,35-36,544,515,1059
1978,36-37,534,502,1036
1978,37-38,646,613,1259
1978,38-39,694,657,1351
1978,39-40,685,649,1334
1978,40-41,644,610,1254
1978,41-42,606,575,1181
1978,42-43,599,572,1171
1978,43-44,588,562,1150
1978,44-45,557,530,1087
1978,45-46,456,435,891
1978,46-47,459,442,901
1978,47-48,471,458,929
1978,48-49,503,494,997
1978,49-50,490,486,976
1978,50-51,492,494,986
1978,51-52,439,479,918
1978,52-53,411,499,910
1978,53-54,397,518,915
1978,54-55,350,505,855
1978,55-56,344,505,849
1978,56-57,366,533,899
1978,57-58,381,566,947
1978,58-59,374,573,947
1978,59-60,285,433,718
1978,60-61,187,285,472
1978,61-62,180,274,454
1978,62-63,197,303,500
1978,63-64,256,405,661
1978,64-65,323,517,840
1978,65-66,332,525,857
1978,66-67,337,529,866
1978,67-68,314,499,813
1978,68-69,312,509,821
1978,69-70,313,507,820
1978,70-71,297,492,789
1978,71-72,288,468,756
1978,72-73,269,450,719
1978,73-74,261,415,676
1978,74-75,245,399,644
1978,75-76,218,366,584
1978,76-77,202,354,556
1978,77-78,179,323,502
1978,78-79,154,290,444
1978,79-80,129,261,390
1978,80-81,109,238,347
1978,81-82,89,205,294
1978,82-83,75,183,258
1978,83-84,60,153,213
1978,84-85,49,130,179
1978,85-86,41,107,148
1978,86-87,33,86,119
1978,87-88,27,70,97
1978,88-89,21,54,75
1978,89-90,16,42,58
1978,90-91,12,31,43
1978,91-92,9,22,31
1978,92-93,6,16,22
1978,93-94,4,11,15
1978,94-95,3,8,11
1978,95-96,0,0,0
1978,96-97,0,0,0
1978,97-98,0,0,0
1978,98-99,0,0,0
1978,99-100,0,0,0
1979,0-1,416,395,811
1979,1-2,411,390,801
1979,2-3,409,388,797
1979,3-4,402,384,786
1979,4-5,391,372,763
1979,5-6,399,384,783
1979,6-7,406,390,796
1979,7-8,450,431,881
1979,8-9,511,487,998
1979,9-10,527,504,1031
1979,10-11,581,554,1135
1979,11-12,620,589,1209
1979,12-13,642,612,1254
1979,13-14,667,635,1302
1979,14-15,678,641,1319
1979,15-16,695,658,1353
1979,16-17,692,656,1348
1979,17-18,672,636,1308
1979,18-19,671,636,1307
1979,19-20,653,620,1273
1979,20-21,638,604,1242
1979,21-22,610,574,1184
1979,22-23,604,567,1171
1979,23-24,595,559,1154
1979,24-25,581,548,1129
1979,25-26,580,556,1136
1979,26-27,563,544,1107
1979,27-28,570,549,1119
1979,28-29,560,539,1099
1979,29-30,574,547,1121
1979,30-31,562,528,1090
1979,31-32,523,492,1015
1979,32-33,493,468,961
1979,33-34,439,417,856
1979,34-35,395,379,774
1979,35-36,526,506,1032
1979,36-37,543,515,1058
1979,37-38,533,503,1036
1979,38-39,645,613,1258
1979,39-40,692,657,1349
1979,40-41,683,649,1332
1979,41-42,642,610,1252
1979,42-43,604,575,1179
1979,43-44,597,572,1169
1979,44-45,586,562,1148
1979,45-46,555,530,1085
1979,46-47,454,435,889
1979,47-48,456,442,898
1979,48-49,469,457,926
1979,49-50,500,492,992
1979,50-51,487,485,972
1979,51-52,488,492,980
1979,52-53,436,478,914
1979,53-54,407,497,904
1979,54-55,393,515,908
1979,55-56,346,503,849
1979,56-57,340,502,842
1979,57-58,361,530,891
1979,58-59,375,563,938
1979,59-60,368,568,936
1979,60-61,280,429,709
1979,61-62,184,283,467
1979,62-63,176,271,447
1979,63-64,192,300,492
1979,64-65,249,400,649
1979,65-66,314,511,825
1979,66-67,322,517,839
1979,67-68,325,521,846
1979,68-69,302,490,792
1979,69-70,299,498,797
1979,70-71,298,496,794
1979,71-72,282,479,761
1979,72-73,272,454,726
1979,73-74,253,435,688
1979,74-75,244,399,643
1979,75-76,227,381,608
1979,76-77,200,348,548
1979,77-78,184,334,518
1979,78-79,161,303,464
1979,79-80,138,270,408
1979,80-81,114,240,354
1979,81-82,96,217,313
1979,82-83,77,184,261
1979,83-84,64,163,227
1979,84-85,51,134,185
1979,85-86,41,113,154
1979,86-87,34,91,125
1979,87-88,27,72,99
1979,88-89,21,57,78
1979,89-90,17,44,61
1979,90-91,13,33,46
1979,91-92,9,24,33
1979,92-93,7,17,24
1979,93-94,5,11,16
1979,94-95,3,8,11
1979,95-96,0,0,0
1979,96-97,0,0,0
1979,97-98,0,0,0
1979,98-99,0,0,0
1979,99-100,0,0,0
1980,0-1,440,419,859
1980,1-2,417,396,813
1980,2-3,413,391,804
1980,3-4,411,389,800
1980,4-5,404,386,790
1980,5-6,393,374,767
1980,6-7,400,384,784
1980,7-8,407,391,798
1980,8-9,453,433,886
1980,9-10,515,489,1004
1980,10-11,531,507,1038
1980,11-12,586,558,1144
1980,12-13,625,592,1217
1980,13-14,646,615,1261
1980,14-15,672,638,1310
1980,15-16,685,645,1330
1980,16-17,703,662,1365
1980,17-18,702,660,1362
1980,18-19,681,641,1322
1980,19-20,678,641,1319
1980,20-21,660,625,1285
1980,21-22,646,607,1253
1980,22-23,621,578,1199
1980,23-24,614,569,1183
1980,24-25,605,561,1166
1980,25-26,590,551,1141
1980,26-27,587,558,1145
1980,27-28,568,545,1113
1980,28-29,574,550,1124
1980,29-30,564,540,1104
1980,30-31,578,548,1126
1980,31-32,564,528,1092
1980,32-33,524,493,1017
1980,33-34,494,468,962
1980,34-35,439,418,857
1980,35-36,395,379,774
1980,36-37,526,506,1032
1980,37-38,543,516,1059
1980,38-39,533,503,1036
1980,39-40,644,613,1257
1980,40-41,691,657,1348
1980,41-42,682,649,1331
1980,42-43,641,610,1251
1980,43-44,602,575,1177
1980,44-45,595,571,1166
1980,45-46,584,561,1145
1980,46-47,553,529,1082
1980,47-48,452,434,886
1980,48-49,454,441,895
1980,49-50,466,456,922
1980,50-51,496,491,987
1980,51-52,483,483,966
1980,52-53,484,491,975
1980,53-54,432,476,908
1980,54-55,403,495,898
1980,55-56,389,513,902
1980,56-57,342,500,842
1980,57-58,336,500,836
1980,58-59,356,526,882
1980,59-60,369,559,928
1980,60-61,361,564,925
1980,61-62,275,426,701
1980,62-63,180,280,460
1980,63-64,172,269,441
1980,64-65,187,297,484
1980,65-66,242,395,637
1980,66-67,304,503,807
1980,67-68,312,509,821
1980,68-69,313,511,824
1980,69-70,290,480,770
1980,70-71,285,487,772
1980,71-72,283,483,766
1980,72-73,266,465,731
1980,73-74,255,439,694
1980,74-75,235,418,653
1980,75-76,226,382,608
1980,76-77,208,363,571
1980,77-78,182,328,510
1980,78-79,166,313,479
1980,79-80,144,282,426
1980,80-81,122,249,371
1980,81-82,100,219,319
1980,82-83,83,196,279
1980,83-84,65,164,229
1980,84-85,54,143,197
1980,85-86,42,116,158
1980,86-87,34,96,130
1980,87-88,27,77,104
1980,88-89,21,59,80
1980,89-90,17,46,63
1980,90-91,13,35,48
1980,91-92,10,26,36
1980,92-93,7,18,25
1980,93-94,5,12,17
1980,94-95,3,8,11
1980,95-96,0,0,0
1980,96-97,0,0,0
1980,97-98,0,0,0
1980,98-99,0,0,0
1980,99-100,0,0,0
1981,0-1,437,416,853
1981,1-2,439,419,858
1981,2-3,416,396,812
1981,3-4,413,392,805
1981,4-5,411,390,801
1981,5-6,404,386,790
1981,6-7,392,374,766
1981,7-8,398,383,781
1981,8-9,408,392,800
1981,9-10,455,435,890
1981,10-11,516,491,1007
1981,11-12,535,510,1045
1981,12-13,590,560,1150
1981,13-14,628,594,1222
1981,14-15,650,616,1266
1981,15-16,679,642,1321
1981,16-17,689,647,1336
1981,17-18,707,665,1372
1981,18-19,705,663,1368
1981,19-20,683,644,1327
1981,20-21,679,644,1323
1981,21-22,663,627,1290
1981,22-23,649,609,1258
1981,23-24,622,579,1201
1981,24-25,614,570,1184
1981,25-26,605,562,1167
1981,26-27,589,552,1141
1981,27-28,586,558,1144
1981,28-29,567,546,1113
1981,29-30,573,550,1123
1981,30-31,563,540,1103
1981,31-32,577,548,1125
1981,32-33,563,528,1091
1981,33-34,523,492,1015
1981,34-35,492,468,960
1981,35-36,437,418,855
1981,36-37,394,379,773
1981,37-38,524,506,1030
1981,38-39,541,516,1057
1981,39-40,530,503,1033
1981,40-41,642,613,1255
1981,41-42,688,657,1345
1981,42-43,679,649,1328
1981,43-44,638,610,1248
1981,44-45,599,575,1174
1981,45-46,592,571,1163
1981,46-47,581,560,1141
1981,47-48,549,529,1078
1981,48-49,449,434,883
1981,49-50,451,440,891
1981,50-51,462,455,917
1981,51-52,493,490,983
1981,52-53,479,482,961
1981,53-54,479,489,968
1981,54-55,427,474,901
1981,55-56,399,493,892
1981,56-57,384,510,894
1981,57-58,337,497,834
1981,58-59,331,496,827
1981,59-60,350,523,873
1981,60-61,363,555,918
1981,61-62,354,559,913
1981,62-63,269,421,690
1981,63-64,175,277,452
1981,64-65,168,265,433
1981,65-66,182,293,475
1981,66-67,235,389,624
1981,67-68,295,495,790
1981,68-69,300,500,800
1981,69-70,301,501,802
1981,70-71,277,469,746
1981,71-72,271,474,745
1981,72-73,268,468,736
1981,73-74,250,449,699
1981,74-75,238,422,660
1981,75-76,218,400,618
1981,76-77,208,364,572
1981,77-78,190,343,533
1981,78-79,165,308,473
1981,79-80,148,292,440
1981,80-81,128,260,388
1981,81-82,107,228,335
1981,82-83,86,198,284
1981,83-84,71,175,246
1981,84-85,55,144,199
1981,85-86,45,124,169
1981,86-87,35,99,134
1981,87-88,27,81,108
1981,88-89,21,63,84
1981,89-90,17,48,65
1981,90-91,13,36,49
1981,91-92,10,27,37
1981,92-93,7,20,27
1981,93-94,5,13,18
1981,94-95,3,9,12
1981,95-96,0,0,0
1981,96-97,0,0,0
1981,97-98,0,0,0
1981,98-99,0,0,0
1981,99-100,0,0,0
1982,0-1,439,416,855
1982,1-2,435,415,850
1982,2-3,438,418,856
1982,3-4,415,396,811
1982,4-5,412,392,804
1982,5-6,410,389,799
1982,6-7,401,384,785
1982,7-8,389,371,760
1982,8-9,397,382,779
1982,9-10,407,391,798
1982,10-11,455,435,890
1982,11-12,516,491,1007
1982,12-13,535,510,1045
1982,13-14,590,559,1149
1982,14-15,627,594,1221
1982,15-16,650,617,1267
1982,16-17,678,641,1319
1982,17-18,689,647,1336
1982,18-19,707,665,1372
1982,19-20,704,664,1368
1982,20-21,683,645,1328
1982,21-22,679,644,1323
1982,22-23,661,627,1288
1982,23-24,647,608,1255
1982,24-25,620,579,1199
1982,25-26,611,570,1181
1982,26-27,601,562,1163
1982,27-28,585,551,1136
1982,28-29,581,557,1138
1982,29-30,563,545,1108
1982,30-31,569,549,1118
1982,31-32,559,539,1098
1982,32-33,573,546,1119
1982,33-34,559,527,1086
1982,34-35,519,491,1010
1982,35-36,488,467,955
1982,36-37,434,417,851
1982,37-38,390,378,768
1982,38-39,521,505,1026
1982,39-40,538,515,1053
1982,40-41,527,502,1029
1982,41-42,638,612,1250
1982,42-43,684,656,1340
1982,43-44,675,647,1322
1982,44-45,634,609,1243
1982,45-46,596,573,1169
1982,46-47,588,570,1158
1982,47-48,577,559,1136
1982,48-49,545,527,1072
1982,49-50,446,432,878
1982,50-51,447,438,885
1982,51-52,458,453,911
1982,52-53,488,488,976
1982,53-54,474,480,954
1982,54-55,474,487,961
1982,55-56,422,472,894
1982,56-57,394,490,884
1982,57-58,379,507,886
1982,58-59,333,494,827
1982,59-60,325,493,818
1982,60-61,344,519,863
1982,61-62,356,550,906
1982,62-63,347,554,901
1982,63-64,263,417,680
1982,64-65,171,273,444
1982,65-66,163,262,425
1982,66-67,176,289,465
1982,67-68,227,383,610
1982,68-69,284,487,771
1982,69-70,289,490,779
1982,70-71,288,490,778
1982,71-72,264,458,722
1982,72-73,257,461,718
1982,73-74,252,453,705
1982,74-75,234,433,667
1982,75-76,221,405,626
1982,76-77,201,381,582
1982,77-78,189,344,533
1982,78-79,172,322,494
1982,79-80,148,288,436
1982,80-81,132,269,401
1982,81-82,112,239,351
1982,82-83,93,206,299
1982,83-84,74,177,251
1982,84-85,60,155,215
1982,85-86,46,125,171
1982,86-87,37,106,143
1982,87-88,28,84,112
1982,88-89,22,67,89
1982,89-90,17,51,68
1982,90-91,13,38,51
1982,91-92,10,28,38
1982,92-93,7,21,28
1982,93-94,5,15,20
1982,94-95,4,10,14
1982,95-96,0,0,0
1982,96-97,0,0,0
1982,97-98,0,0,0
1982,98-99,0,0,0
1982,99-100,0,0,0
1983,0-1,422,400,822
1983,1-2,436,414,850
1983,2-3,433,413,846
1983,3-4,436,417,853
1983,4-5,413,394,807
1983,5-6,410,390,800
1983,6-7,407,387,794
1983,7-8,397,381,778
1983,8-9,387,370,757
1983,9-10,395,381,776
1983,10-11,406,390,796
1983,11-12,453,434,887
1983,12-13,515,490,1005
1983,13-14,534,509,1043
1983,14-15,588,558,1146
1983,15-16,627,593,1220
1983,16-17,648,616,1264
1983,17-18,677,640,1317
1983,18-19,688,647,1335
1983,19-20,705,666,1371
1983,20-21,704,665,1369
1983,21-22,682,645,1327
1983,22-23,678,643,1321
1983,23-24,660,626,1286
1983,24-25,645,607,1252
1983,25-26,617,578,1195
1983,26-27,608,569,1177
1983,27-28,597,561,1158
1983,28-29,581,550,1131
1983,29-30,578,556,1134
1983,30-31,559,543,1102
1983,31-32,565,547,1112
1983,32-33,556,538,1094
1983,33-34,569,545,1114
1983,34-35,555,525,1080
1983,35-36,515,489,1004
1983,36-37,485,465,950
1983,37-38,431,415,846
1983,38-39,388,377,765
1983,39-40,518,504,1022
1983,40-41,535,514,1049
1983,41-42,524,501,1025
1983,42-43,635,611,1246
1983,43-44,680,654,1334
1983,44-45,671,646,1317
1983,45-46,630,607,1237
1983,46-47,592,572,1164
1983,47-48,584,568,1152
1983,48-49,572,557,1129
1983,49-50,541,525,1066
1983,50-51,441,431,872
1983,51-52,442,437,879
1983,52-53,453,451,904
1983,53-54,483,486,969
1983,54-55,469,477,946
1983,55-56,468,484,952
1983,56-57,417,469,886
1983,57-58,389,487,876
1983,58-59,373,504,877
1983,59-60,327,490,817
1983,60-61,319,489,808
1983,61-62,338,514,852
1983,62-63,348,545,893
1983,63-64,339,548,887
1983,64-65,256,412,668
1983,65-66,166,270,436
1983,66-67,158,258,416
1983,67-68,171,284,455
1983,68-69,220,376,596
1983,69-70,273,478,751
1983,70-71,276,479,755
1983,71-72,275,478,753
1983,72-73,250,445,695
1983,73-74,242,447,689
1983,74-75,236,437,673
1983,75-76,217,415,632
1983,76-77,204,386,590
1983,77-78,184,361,545
1983,78-79,172,324,496
1983,79-80,155,301,456
1983,80-81,132,266,398
1983,81-82,116,247,363
1983,82-83,97,217,314
1983,83-84,79,185,264
1983,84-85,62,156,218
1983,85-86,50,135,185
1983,86-87,38,107,145
1983,87-88,29,90,119
1983,88-89,22,69,91
1983,89-90,17,54,71
1983,90-91,13,41,54
1983,91-92,10,29,39
1983,92-93,7,21,28
1983,93-94,5,15,20
1983,94-95,4,11,15
1983,95-96,0,0,0
1983,96-97,0,0,0
1983,97-98,0,0,0
1983,98-99,0,0,0
1983,99-100,0,0,0
1984,0-1,414,393,807
1984,1-2,420,398,818
1984,2-3,434,412,846
1984,3-4,430,411,841
1984,4-5,434,415,849
1984,5-6,411,392,803
1984,6-7,406,387,793
1984,7-8,402,383,785
1984,8-9,394,379,773
1984,9-10,383,367,750
1984,10-11,392,379,771
1984,11-12,403,388,791
1984,12-13,450,432,882
1984,13-14,512,488,1000
1984,14-15,532,507,1039
1984,15-16,586,557,1143
1984,16-17,625,591,1216
1984,17-18,647,614,1261
1984,18-19,676,640,1316
1984,19-20,687,648,1335
1984,20-21,706,667,1373
1984,21-22,705,665,1370
1984,22-23,682,645,1327
1984,23-24,678,643,1321
1984,24-25,659,626,1285
1984,25-26,645,607,1252
1984,26-27,617,577,1194
1984,27-28,606,568,1174
1984,28-29,595,559,1154
1984,29-30,579,548,1127
1984,30-31,575,554,1129
1984,31-32,557,541,1098
1984,32-33,563,545,1108
1984,33-34,554,535,1089
1984,34-35,566,541,1107
1984,35-36,552,522,1074
1984,36-37,511,486,997
1984,37-38,480,462,942
1984,38-39,426,412,838
1984,39-40,382,374,756
1984,40-41,513,501,1014
1984,41-42,529,511,1040
1984,42-43,517,498,1015
1984,43-44,628,608,1236
1984,44-45,673,651,1324
1984,45-46,663,643,1306
1984,46-47,623,604,1227
1984,47-48,585,569,1154
1984,48-49,578,565,1143
1984,49-50,567,555,1122
1984,50-51,534,523,1057
1984,51-52,435,428,863
1984,52-53,437,434,871
1984,53-54,448,449,897
1984,54-55,476,484,960
1984,55-56,463,475,938
1984,56-57,462,481,943
1984,57-58,411,466,877
1984,58-59,383,484,867
1984,59-60,367,501,868
1984,60-61,322,486,808
1984,61-62,313,485,798
1984,62-63,331,510,841
1984,63-64,340,539,879
1984,64-65,330,542,872
1984,65-66,249,407,656
1984,66-67,161,266,427
1984,67-68,153,254,407
1984,68-69,165,279,444
1984,69-70,211,369,580
1984,70-71,262,468,730
1984,71-72,264,468,732
1984,72-73,261,465,726
1984,73-74,237,432,669
1984,74-75,227,431,658
1984,75-76,220,420,640
1984,76-77,201,397,598
1984,77-78,187,367,554
1984,78-79,167,341,508
1984,79-80,155,304,459
1984,80-81,138,280,418
1984,81-82,116,245,361
1984,82-83,101,225,326
1984,83-84,84,195,279
1984,84-85,67,165,232
1984,85-86,52,137,189
1984,86-87,41,117,158
1984,87-88,30,91,121
1984,88-89,23,75,98
1984,89-90,17,57,74
1984,90-91,13,44,57
1984,91-92,10,32,42
1984,92-93,7,23,30
1984,93-94,5,16,21
1984,94-95,4,12,16
1984,95-96,0,0,0
1984,96-97,0,0,0
1984,97-98,0,0,0
1984,98-99,0,0,0
1984,99-100,0,0,0
1985,0-1,415,395,810
1985,1-2,414,393,807
1985,2-3,420,398,818
1985,3-4,434,412,846
1985,4-5,431,412,843
1985,5-6,433,415,848
1985,6-7,410,391,801
1985,7-8,405,386,791
1985,8-9,402,383,785
1985,9-10,394,379,773
1985,10-11,384,367,751
1985,11-12,393,379,772
1985,12-13,403,388,791
1985,13-14,451,432,883
1985,14-15,513,488,1001
1985,15-16,533,508,1041
1985,16-17,587,557,1144
1985,17-18,625,592,1217
1985,18-19,649,616,1265
1985,19-20,678,642,1320
1985,20-21,690,651,1341
1985,21-22,709,668,1377
1985,22-23,707,667,1374
1985,23-24,685,646,1331
1985,24-25,681,644,1325
1985,25-26,662,627,1289
1985,26-27,647,608,1255
1985,27-28,618,578,1196
1985,28-29,608,569,1177
1985,29-30,596,560,1156
1985,30-31,580,548,1128
1985,31-32,576,554,1130
1985,32-33,557,541,1098
1985,33-34,563,544,1107
1985,34-35,554,535,1089
1985,35-36,565,541,1106
1985,36-37,551,521,1072
1985,37-38,510,485,995
1985,38-39,479,461,940
1985,39-40,425,412,837
1985,40-41,381,373,754
1985,41-42,511,501,1012
1985,42-43,528,510,1038
1985,43-44,515,497,1012
1985,44-45,626,607,1233
1985,45-46,670,650,1320
1985,46-47,660,642,1302
1985,47-48,619,603,1222
1985,48-49,581,568,1149
1985,49-50,574,564,1138
1985,50-51,563,553,1116
1985,51-52,530,521,1051
1985,52-53,431,427,858
1985,53-54,433,433,866
1985,54-55,444,447,891
1985,55-56,471,481,952
1985,56-57,457,473,930
1985,57-58,456,479,935
1985,58-59,405,463,868
1985,59-60,377,481,858
1985,60-61,361,497,858
1985,61-62,315,482,797
1985,62-63,307,481,788
1985,63-64,323,505,828
1985,64-65,332,533,865
1985,65-66,322,535,857
1985,66-67,242,402,644
1985,67-68,156,262,418
1985,68-69,148,250,398
1985,69-70,159,274,433
1985,70-71,203,362,565
1985,71-72,251,457,708
1985,72-73,251,456,707
1985,73-74,246,452,698
1985,74-75,222,417,639
1985,75-76,212,415,627
1985,76-77,203,402,605
1985,77-78,184,378,562
1985,78-79,170,347,517
1985,79-80,150,320,470
1985,80-81,138,282,420
1985,81-82,122,258,380
1985,82-83,101,223,324
1985,83-84,87,203,290
1985,84-85,71,173,244
1985,85-86,56,145,201
1985,86-87,43,118,161
1985,87-88,34,100,134
1985,88-89,24,76,100
1985,89-90,18,62,80
1985,90-91,13,46,59
1985,91-92,10,34,44
1985,92-93,7,24,31
1985,93-94,5,17,22
1985,94-95,4,12,16
1985,95-96,0,0,0
1985,96-97,0,0,0
1985,97-98,0,0,0
1985,98-99,0,0,0
1985,99-100,0,0,0
1986,0-1,433,413,846
1986,1-2,416,396,812
1986,2-3,416,394,810
1986,3-4,421,400,821
1986,4-5,436,414,850
1986,5-6,432,413,845
1986,6-7,434,415,849
1986,7-8,410,392,802
1986,8-9,406,387,793
1986,9-10,404,385,789
1986,10-11,395,380,775
1986,11-12,385,369,754
1986,12-13,394,381,775
1986,13-14,405,390,795
1986,14-15,453,433,886
1986,15-16,516,490,1006
1986,16-17,535,509,1044
1986,17-18,589,558,1147
1986,18-19,628,594,1222
1986,19-20,652,620,1272
1986,20-21,682,646,1328
1986,21-22,695,654,1349
1986,22-23,715,672,1387
1986,23-24,714,670,1384
1986,24-25,692,649,1341
1986,25-26,686,647,1333
1986,26-27,667,629,1296
1986,27-28,651,610,1261
1986,28-29,622,580,1202
1986,29-30,611,571,1182
1986,30-31,598,561,1159
1986,31-32,582,549,1131
1986,32-33,577,555,1132
1986,33-34,559,542,1101
1986,34-35,564,545,1109
1986,35-36,554,535,1089
1986,36-37,566,541,1107
1986,37-38,551,521,1072
1986,38-39,510,485,995
1986,39-40,478,462,940
1986,40-41,424,412,836
1986,41-42,380,373,753
1986,42-43,510,500,1010
1986,43-44,526,510,1036
1986,44-45,514,497,1011
1986,45-46,624,607,1231
1986,46-47,667,649,1316
1986,47-48,657,641,1298
1986,48-49,616,602,1218
1986,49-50,578,567,1145
1986,50-51,571,563,1134
1986,51-52,559,552,1111
1986,52-53,526,520,1046
1986,53-54,427,425,852
1986,54-55,429,431,860
1986,55-56,439,445,884
1986,56-57,466,479,945
1986,57-58,451,470,921
1986,58-59,450,476,926
1986,59-60,399,460,859
1986,60-61,370,477,847
1986,61-62,355,493,848
1986,62-63,309,478,787
1986,63-64,300,476,776
1986,64-65,316,499,815
1986,65-66,324,527,851
1986,66-67,313,528,841
1986,67-68,235,396,631
1986,68-69,151,258,409
1986,69-70,143,245,388
1986,70-71,152,269,421
1986,71-72,194,353,547
1986,72-73,238,445,683
1986,73-74,237,443,680
1986,74-75,232,437,669
1986,75-76,208,402,610
1986,76-77,197,397,594
1986,77-78,187,383,570
1986,78-79,168,357,525
1986,79-80,154,326,480
1986,80-81,134,298,432
1986,81-82,122,260,382
1986,82-83,106,235,341
1986,83-84,87,201,288
1986,84-85,73,180,253
1986,85-86,60,152,212
1986,86-87,47,125,172
1986,87-88,35,100,135
1986,88-89,27,83,110
1986,89-90,19,62,81
1986,90-91,14,49,63
1986,91-92,10,36,46
1986,92-93,7,26,33
1986,93-94,5,18,23
1986,94-95,4,12,16
1986,95-96,0,0,0
1986,96-97,0,0,0
1986,97-98,0,0,0
1986,98-99,0,0,0
1986,99-100,0,0,0
1987,0-1,443,418,861
1987,1-2,432,411,843
1987,2-3,416,396,812
1987,3-4,415,394,809
1987,4-5,421,400,821
1987,5-6,435,412,847
1987,6-7,431,411,842
1987,7-8,434,414,848
1987,8-9,411,390,801
1987,9-10,406,385,791
1987,10-11,404,383,787
1987,11-12,397,378,775
1987,12-13,387,366,753
1987,13-14,395,376,771
1987,14-15,405,385,790
1987,15-16,456,432,888
1987,16-17,515,488,1003
1987,17-18,539,514,1053
1987,18-19,593,564,1157
1987,19-20,629,601,1230
1987,20-21,654,626,1280
1987,21-22,679,648,1327
1987,22-23,689,653,1342
1987,23-24,708,669,1377
1987,24-25,707,667,1374
1987,25-26,685,649,1334
1987,26-27,676,645,1321
1987,27-28,657,627,1284
1987,28-29,641,608,1249
1987,29-30,611,579,1190
1987,30-31,602,571,1173
1987,31-32,590,562,1152
1987,32-33,572,549,1121
1987,33-34,565,548,1113
1987,34-35,551,540,1091
1987,35-36,557,545,1102
1987,36-37,550,537,1087
1987,37-38,561,546,1107
1987,38-39,550,528,1078
1987,39-40,513,490,1003
1987,40-41,488,467,955
1987,41-42,435,414,849
1987,42-43,387,373,760
1987,43-44,521,501,1022
1987,44-45,536,510,1046
1987,45-46,523,497,1020
1987,46-47,635,607,1242
1987,47-48,676,647,1323
1987,48-49,666,640,1306
1987,49-50,625,601,1226
1987,50-51,587,567,1154
1987,51-52,576,561,1137
1987,52-53,562,550,1112
1987,53-54,530,518,1048
1987,54-55,431,424,855
1987,55-56,429,429,858
1987,56-57,439,443,882
1987,57-58,465,475,940
1987,58-59,451,467,918
1987,59-60,448,473,921
1987,60-61,398,458,856
1987,61-62,369,474,843
1987,62-63,351,488,839
1987,63-64,306,475,781
1987,64-65,297,472,769
1987,65-66,312,495,807
1987,66-67,318,522,840
1987,67-68,305,519,824
1987,68-69,228,388,616
1987,69-70,145,251,396
1987,70-71,138,240,378
1987,71-72,147,262,409
1987,72-73,186,343,529
1987,73-74,228,433,661
1987,74-75,226,429,655
1987,75-76,219,420,639
1987,76-77,194,385,579
1987,77-78,183,378,561
1987,78-79,172,362,534
1987,79-80,154,336,490
1987,80-81,140,305,445
1987,81-82,121,276,397
1987,82-83,108,237,345
1987,83-84,93,213,306
1987,84-85,75,181,256
1987,85-86,63,160,223
1987,86-87,50,133,183
1987,87-88,38,107,145
1987,88-89,28,85,113
1987,89-90,21,68,89
1987,90-91,15,52,67
1987,91-92,11,40,51
1987,92-93,7,28,35
1987,93-94,5,20,25
1987,94-95,3,14,17
1987,95-96,0,0,0
1987,96-97,0,0,0
1987,97-98,0,0,0
1987,98-99,0,0,0
1987,99-100,0,0,0
1988,0-1,458,434,892
1988,1-2,447,422,869
1988,2-3,437,416,853
1988,3-4,421,400,821
1988,4-5,420,398,818
1988,5-6,425,404,829
1988,6-7,438,415,853
1988,7-8,434,414,848
1988,8-9,438,418,856
1988,9-10,415,394,809
1988,10-11,410,389,799
1988,11-12,408,386,794
1988,12-13,401,381,782
1988,13-14,391,369,760
1988,14-15,400,379,779
1988,15-16,411,389,800
1988,16-17,460,435,895
1988,17-18,517,491,1008
1988,18-19,545,519,1064
1988,19-20,599,572,1171
1988,20-21,635,609,1244
1988,21-22,660,633,1293
1988,22-23,687,655,1342
1988,23-24,699,660,1359
1988,24-25,718,676,1394
1988,25-26,717,673,1390
1988,26-27,694,655,1349
1988,27-28,684,651,1335
1988,28-29,664,632,1296
1988,29-30,648,614,1262
1988,30-31,618,584,1202
1988,31-32,609,576,1185
1988,32-33,596,566,1162
1988,33-34,579,553,1132
1988,34-35,570,552,1122
1988,35-36,556,543,1099
1988,36-37,561,547,1108
1988,37-38,553,540,1093
1988,38-39,564,548,1112
1988,39-40,552,530,1082
1988,40-41,515,491,1006
1988,41-42,489,468,957
1988,42-43,435,415,850
1988,43-44,387,374,761
1988,44-45,521,502,1023
1988,45-46,536,511,1047
1988,46-47,523,498,1021
1988,47-48,634,607,1241
1988,48-49,674,647,1321
1988,49-50,664,640,1304
1988,50-51,622,601,1223
1988,51-52,584,566,1150
1988,52-53,574,561,1135
1988,53-54,559,549,1108
1988,54-55,527,517,1044
1988,55-56,427,423,850
1988,56-57,426,427,853
1988,57-58,435,442,877
1988,58-59,459,473,932
1988,59-60,445,466,911
1988,60-61,441,471,912
1988,61-62,392,455,847
1988,62-63,363,471,834
1988,63-64,345,485,830
1988,64-65,300,470,770
1988,65-66,290,467,757
1988,66-67,304,489,793
1988,67-68,309,515,824
1988,68-69,296,511,807
1988,69-70,220,381,601
1988,70-71,140,246,386
1988,71-72,132,234,366
1988,72-73,140,255,395
1988,73-74,176,334,510
1988,74-75,216,420,636
1988,75-76,212,414,626
1988,76-77,204,404,608
1988,77-78,180,368,548
1988,78-79,168,359,527
1988,79-80,157,341,498
1988,80-81,139,314,453
1988,81-82,125,283,408
1988,82-83,107,254,361
1988,83-84,94,216,310
1988,84-85,80,191,271
1988,85-86,64,160,224
1988,86-87,53,140,193
1988,87-88,41,114,155
1988,88-89,31,91,122
1988,89-90,22,71,93
1988,90-91,16,56,72
1988,91-92,11,42,53
1988,92-93,8,32,40
1988,93-94,5,22,27
1988,94-95,4,15,19
1988,95-96,0,0,0
1988,96-97,0,0,0
1988,97-98,0,0,0
1988,98-99,0,0,0
1988,99-100,0,0,0
1989,0-1,452,430,882
1989,1-2,465,441,906
1989,2-3,454,429,883
1989,3-4,444,423,867
1989,4-5,428,407,835
1989,5-6,427,405,832
1989,6-7,431,410,841
1989,7-8,444,421,865
1989,8-9,441,420,861
1989,9-10,444,423,867
1989,10-11,421,400,821
1989,11-12,416,394,810
1989,12-13,414,391,805
1989,13-14,407,386,793
1989,14-15,397,374,771
1989,15-16,407,385,792
1989,16-17,416,394,810
1989,17-18,464,440,904
1989,18-19,526,499,1025
1989,19-20,555,530,1085
1989,20-21,609,583,1192
1989,21-22,647,619,1266
1989,22-23,674,643,1317
1989,23-24,702,665,1367
1989,24-25,713,669,1382
1989,25-26,732,685,1417
1989,26-27,730,682,1412
1989,27-28,706,663,1369
1989,28-29,695,658,1353
1989,29-30,676,640,1316
1989,30-31,659,622,1281
1989,31-32,627,591,1218
1989,32-33,618,583,1201
1989,33-34,605,572,1177
1989,34-35,587,559,1146
1989,35-36,578,557,1135
1989,36-37,563,547,1110
1989,37-38,567,552,1119
1989,38-39,559,543,1102
1989,39-40,568,551,1119
1989,40-41,556,533,1089
1989,41-42,518,494,1012
1989,42-43,491,470,961
1989,43-44,437,417,854
1989,44-45,388,375,763
1989,45-46,522,503,1025
1989,46-47,536,512,1048
1989,47-48,523,499,1022
1989,48-49,634,608,1242
1989,49-50,673,647,1320
1989,50-51,662,640,1302
1989,51-52,620,601,1221
1989,52-53,582,567,1149
1989,53-54,571,560,1131
1989,54-55,556,548,1104
1989,55-56,523,517,1040
1989,56-57,424,423,847
1989,57-58,422,427,849
1989,58-59,431,441,872
1989,59-60,454,472,926
1989,60-61,439,464,903
1989,61-62,435,468,903
1989,62-63,385,453,838
1989,63-64,356,468,824
1989,64-65,338,481,819
1989,65-66,293,466,759
1989,66-67,283,463,746
1989,67-68,296,483,779
1989,68-69,300,508,808
1989,69-70,286,503,789
1989,70-71,212,374,586
1989,71-72,134,241,375
1989,72-73,127,229,356
1989,73-74,133,249,382
1989,74-75,167,324,491
1989,75-76,203,406,609
1989,76-77,199,399,598
1989,77-78,189,387,576
1989,78-79,166,350,516
1989,79-80,153,339,492
1989,80-81,142,320,462
1989,81-82,124,292,416
1989,82-83,111,261,372
1989,83-84,93,231,324
1989,84-85,81,194,275
1989,85-86,67,170,237
1989,86-87,53,140,193
1989,87-88,43,121,164
1989,88-89,33,97,130
1989,89-90,25,76,101
1989,90-91,17,58,75
1989,91-92,12,44,56
1989,92-93,8,33,41
1989,93-94,6,24,30
1989,94-95,4,16,20
1989,95-96,0,0,0
1989,96-97,0,0,0
1989,97-98,0,0,0
1989,98-99,0,0,0
1989,99-100,0,0,0
1990,0-1,468,443,911
1990,1-2,458,436,894
1990,2-3,471,447,918
1990,3-4,460,434,894
1990,4-5,451,428,879
1990,5-6,435,413,848
1990,6-7,433,411,844
1990,7-8,437,415,852
1990,8-9,449,426,875
1990,9-10,447,426,873
1990,10-11,450,429,879
1990,11-12,427,405,832
1990,12-13,422,399,821
1990,13-14,419,396,815
1990,14-15,413,391,804
1990,15-16,403,380,783
1990,16-17,413,390,803
1990,17-18,421,399,820
1990,18-19,472,448,920
1990,19-20,534,509,1043
1990,20-21,564,540,1104
1990,21-22,619,592,1211
1990,22-23,659,627,1286
1990,23-24,685,650,1335
1990,24-25,712,672,1384
1990,25-26,723,676,1399
1990,26-27,741,691,1432
1990,27-28,738,688,1426
1990,28-29,714,669,1383
1990,29-30,702,664,1366
1990,30-31,683,645,1328
1990,31-32,665,627,1292
1990,32-33,634,596,1230
1990,33-34,624,587,1211
1990,34-35,611,577,1188
1990,35-36,593,563,1156
1990,36-37,583,561,1144
1990,37-38,567,551,1118
1990,38-39,571,555,1126
1990,39-40,562,546,1108
1990,40-41,571,554,1125
1990,41-42,558,535,1093
1990,42-43,519,495,1014
1990,43-44,493,471,964
1990,44-45,437,417,854
1990,45-46,389,377,766
1990,46-47,522,504,1026
1990,47-48,536,513,1049
1990,48-49,523,500,1023
1990,49-50,633,609,1242
1990,50-51,671,648,1319
1990,51-52,660,641,1301
1990,52-53,618,602,1220
1990,53-54,580,567,1147
1990,54-55,568,560,1128
1990,55-56,552,548,1100
1990,56-57,518,516,1034
1990,57-58,420,422,842
1990,58-59,418,426,844
1990,59-60,426,440,866
1990,60-61,448,471,919
1990,61-62,433,462,895
1990,62-63,428,466,894
1990,63-64,379,450,829
1990,64-65,350,465,815
1990,65-66,330,477,807
1990,66-67,286,461,747
1990,67-68,275,457,732
1990,68-69,287,477,764
1990,69-70,290,500,790
1990,70-71,275,494,769
1990,71-72,203,366,569
1990,72-73,128,236,364
1990,73-74,120,223,343
1990,74-75,126,242,368
1990,75-76,158,314,472
1990,76-77,191,391,582
1990,77-78,184,382,566
1990,78-79,174,369,543
1990,79-80,151,331,482
1990,80-81,138,318,456
1990,81-82,126,298,424
1990,82-83,110,268,378
1990,83-84,96,238,334
1990,84-85,80,208,288
1990,85-86,68,172,240
1990,86-87,56,149,205
1990,87-88,44,121,165
1990,88-89,35,102,137
1990,89-90,26,81,107
1990,90-91,19,62,81
1990,91-92,13,45,58
1990,92-93,9,34,43
1990,93-94,6,25,31
1990,94-95,4,18,22
1990,95-96,0,0,0
1990,96-97,0,0,0
1990,97-98,0,0,0
1990,98-99,0,0,0
1990,99-100,0,0,0
1991,0-1,427,406,833
1991,1-2,471,446,917
1991,2-3,463,441,904
1991,3-4,477,452,929
1991,4-5,465,440,905
1991,5-6,456,433,889
1991,6-7,440,418,858
1991,7-8,438,415,853
1991,8-9,442,419,861
1991,9-10,454,431,885
1991,10-11,452,431,883
1991,11-12,455,433,888
1991,12-13,432,409,841
1991,13-14,427,403,830
1991,14-15,424,401,825
1991,15-16,418,396,814
1991,16-17,409,385,794
1991,17-18,418,396,814
1991,18-19,428,407,835
1991,19-20,480,457,937
1991,20-21,544,519,1063
1991,21-22,575,549,1124
1991,22-23,632,600,1232
1991,23-24,671,635,1306
1991,24-25,697,657,1354
1991,25-26,723,677,1400
1991,26-27,734,681,1415
1991,27-28,750,697,1447
1991,28-29,746,693,1439
1991,29-30,721,674,1395
1991,30-31,710,669,1379
1991,31-32,691,650,1341
1991,32-33,672,631,1303
1991,33-34,640,600,1240
1991,34-35,630,591,1221
1991,35-36,616,580,1196
1991,36-37,598,566,1164
1991,37-38,587,564,1151
1991,38-39,571,553,1124
1991,39-40,574,557,1131
1991,40-41,566,548,1114
1991,41-42,574,556,1130
1991,42-43,560,537,1097
1991,43-44,521,496,1017
1991,44-45,493,472,965
1991,45-46,438,418,856
1991,46-47,389,377,766
1991,47-48,521,504,1025
1991,48-49,535,513,1048
1991,49-50,521,500,1021
1991,50-51,630,609,1239
1991,51-52,668,648,1316
1991,52-53,657,640,1297
1991,53-54,615,601,1216
1991,54-55,576,566,1142
1991,55-56,564,559,1123
1991,56-57,547,547,1094
1991,57-58,513,515,1028
1991,58-59,416,421,837
1991,59-60,413,425,838
1991,60-61,420,438,858
1991,61-62,441,468,909
1991,62-63,425,459,884
1991,63-64,420,463,883
1991,64-65,371,447,818
1991,65-66,342,461,803
1991,66-67,322,472,794
1991,67-68,278,456,734
1991,68-69,267,451,718
1991,69-70,278,469,747
1991,70-71,280,491,771
1991,71-72,264,484,748
1991,72-73,195,359,554
1991,73-74,122,230,352
1991,74-75,114,217,331
1991,75-76,119,234,353
1991,76-77,147,302,449
1991,77-78,178,376,554
1991,78-79,170,365,535
1991,79-80,159,349,508
1991,80-81,137,311,448
1991,81-82,124,297,421
1991,82-83,112,275,387
1991,83-84,96,245,341
1991,84-85,83,215,298
1991,85-86,68,185,253
1991,86-87,57,151,208
1991,87-88,46,129,175
1991,88-89,35,103,138
1991,89-90,28,86,114
1991,90-91,21,66,87
1991,91-92,15,50,65
1991,92-93,10,36,46
1991,93-94,6,26,32
1991,94-95,4,18,22
1991,95-96,0,0,0
1991,96-97,0,0,0
1991,97-98,0,0,0
1991,98-99,0,0,0
1991,99-100,0,0,0
1992,0-1,416,396,812
1992,1-2,433,411,844
1992,2-3,476,452,928
1992,3-4,469,447,916
1992,4-5,483,458,941
1992,5-6,472,446,918
1992,6-7,462,439,901
1992,7-8,445,423,868
1992,8-9,443,420,863
1992,9-10,447,424,871
1992,10-11,460,436,896
1992,11-12,457,436,893
1992,12-13,461,438,899
1992,13-14,437,414,851
1992,14-15,432,408,840
1992,15-16,430,406,836
1992,16-17,426,402,828
1992,17-18,417,391,808
1992,18-19,427,404,831
1992,19-20,440,418,858
1992,20-21,496,470,966
1992,21-22,561,530,1091
1992,22-23,596,560,1156
1992,23-24,652,610,1262
1992,24-25,691,644,1335
1992,25-26,714,665,1379
1992,26-27,739,685,1424
1992,27-28,749,689,1438
1992,28-29,763,704,1467
1992,29-30,758,700,1458
1992,30-31,733,680,1413
1992,31-32,720,674,1394
1992,32-33,702,656,1358
1992,33-34,681,637,1318
1992,34-35,649,605,1254
1992,35-36,638,596,1234
1992,36-37,624,585,1209
1992,37-38,605,571,1176
1992,38-39,594,568,1162
1992,39-40,576,556,1132
1992,40-41,579,560,1139
1992,41-42,570,551,1121
1992,42-43,578,558,1136
1992,43-44,563,539,1102
1992,44-45,523,498,1021
1992,45-46,495,473,968
1992,46-47,438,419,857
1992,47-48,389,377,766
1992,48-49,520,504,1024
1992,49-50,533,513,1046
1992,50-51,520,500,1020
1992,51-52,628,609,1237
1992,52-53,665,648,1313
1992,53-54,653,640,1293
1992,54-55,611,601,1212
1992,55-56,572,566,1138
1992,56-57,559,558,1117
1992,57-58,542,545,1087
1992,58-59,508,513,1021
1992,59-60,411,419,830
1992,60-61,407,423,830
1992,61-62,413,436,849
1992,62-63,433,465,898
1992,63-64,418,457,875
1992,64-65,411,459,870
1992,65-66,363,443,806
1992,66-67,334,456,790
1992,67-68,314,467,781
1992,68-69,270,451,721
1992,69-70,259,445,704
1992,70-71,268,461,729
1992,71-72,269,482,751
1992,72-73,253,473,726
1992,73-74,186,350,536
1992,74-75,116,224,340
1992,75-76,108,210,318
1992,76-77,112,226,338
1992,77-78,138,291,429
1992,78-79,165,359,524
1992,79-80,157,347,504
1992,80-81,145,330,475
1992,81-82,124,292,416
1992,82-83,110,275,385
1992,83-84,98,252,350
1992,84-85,84,222,306
1992,85-86,71,193,264
1992,86-87,58,164,222
1992,87-88,48,132,180
1992,88-89,38,110,148
1992,89-90,28,87,115
1992,90-91,22,71,93
1992,91-92,16,53,69
1992,92-93,12,40,52
1992,93-94,7,27,34
1992,94-95,5,20,25
1992,95-96,0,0,0
1992,96-97,0,0,0
1992,97-98,0,0,0
1992,98-99,0,0,0
1992,99-100,0,0,0
1993,0-1,410,389,799
1993,1-2,419,399,818
1993,2-3,436,414,850
1993,3-4,480,456,936
1993,4-5,473,450,923
1993,5-6,487,462,949
1993,6-7,476,449,925
1993,7-8,465,442,907
1993,8-9,449,427,876
1993,9-10,448,424,872
1993,10-11,451,428,879
1993,11-12,464,440,904
1993,12-13,461,439,900
1993,13-14,465,442,907
1993,14-15,441,418,859
1993,15-16,437,412,849
1993,16-17,436,410,846
1993,17-18,431,406,837
1993,18-19,423,397,820
1993,19-20,434,413,847
1993,20-21,449,427,876
1993,21-22,505,478,983
1993,22-23,570,538,1108
1993,23-24,606,567,1173
1993,24-25,661,616,1277
1993,25-26,699,650,1349
1993,26-27,721,670,1391
1993,27-28,745,690,1435
1993,28-29,755,693,1448
1993,29-30,767,708,1475
1993,30-31,762,704,1466
1993,31-32,737,684,1421
1993,32-33,723,678,1401
1993,33-34,705,660,1365
1993,34-35,683,640,1323
1993,35-36,651,608,1259
1993,36-37,639,599,1238
1993,37-38,624,588,1212
1993,38-39,606,574,1180
1993,39-40,594,571,1165
1993,40-41,576,559,1135
1993,41-42,579,562,1141
1993,42-43,569,553,1122
1993,43-44,577,560,1137
1993,44-45,562,540,1102
1993,45-46,521,499,1020
1993,46-47,493,474,967
1993,47-48,436,419,855
1993,48-49,387,377,764
1993,49-50,517,503,1020
1993,50-51,530,512,1042
1993,51-52,517,499,1016
1993,52-53,624,608,1232
1993,53-54,660,647,1307
1993,54-55,649,639,1288
1993,55-56,607,600,1207
1993,56-57,568,565,1133
1993,57-58,554,557,1111
1993,58-59,537,544,1081
1993,59-60,502,511,1013
1993,60-61,405,417,822
1993,61-62,401,420,821
1993,62-63,406,433,839
1993,63-64,425,462,887
1993,64-65,409,453,862
1993,65-66,402,456,858
1993,66-67,354,439,793
1993,67-68,325,451,776
1993,68-69,305,461,766
1993,69-70,262,444,706
1993,70-71,250,438,688
1993,71-72,258,452,710
1993,72-73,258,472,730
1993,73-74,241,461,702
1993,74-75,176,340,516
1993,75-76,109,217,326
1993,76-77,101,203,304
1993,77-78,104,217,321
1993,78-79,127,278,405
1993,79-80,151,342,493
1993,80-81,143,327,470
1993,81-82,131,309,440
1993,82-83,110,271,381
1993,83-84,97,253,350
1993,84-85,85,229,314
1993,85-86,72,199,271
1993,86-87,60,171,231
1993,87-88,48,143,191
1993,88-89,39,113,152
1993,89-90,31,93,124
1993,90-91,22,72,94
1993,91-92,17,57,74
1993,92-93,12,42,54
1993,93-94,9,31,40
1993,94-95,5,21,26
1993,95-96,0,0,0
1993,96-97,0,0,0
1993,97-98,0,0,0
1993,98-99,0,0,0
1993,99-100,0,0,0
1994,0-1,396,374,770
1994,1-2,412,391,803
1994,2-3,421,401,822
1994,3-4,439,416,855
1994,4-5,483,458,941
1994,5-6,476,453,929
1994,6-7,490,464,954
1994,7-8,479,452,931
1994,8-9,469,445,914
1994,9-10,452,430,882
1994,10-11,451,428,879
1994,11-12,455,432,887
1994,12-13,467,443,910
1994,13-14,464,442,906
1994,14-15,468,445,913
1994,15-16,445,421,866
1994,16-17,441,416,857
1994,17-18,440,414,854
1994,18-19,436,412,848
1994,19-20,428,405,833
1994,20-21,440,421,861
1994,21-22,454,434,888
1994,22-23,510,484,994
1994,23-24,575,543,1118
1994,24-25,610,571,1181
1994,25-26,664,619,1283
1994,26-27,701,653,1354
1994,27-28,722,673,1395
1994,28-29,746,693,1439
1994,29-30,756,696,1452
1994,30-31,768,710,1478
1994,31-32,763,707,1470
1994,32-33,738,687,1425
1994,33-34,724,681,1405
1994,34-35,706,662,1368
1994,35-36,684,643,1327
1994,36-37,651,611,1262
1994,37-38,640,601,1241
1994,38-39,625,590,1215
1994,39-40,606,576,1182
1994,40-41,595,572,1167
1994,41-42,576,560,1136
1994,42-43,579,563,1142
1994,43-44,569,554,1123
1994,44-45,576,560,1136
1994,45-46,561,541,1102
1994,46-47,520,499,1019
1994,47-48,491,474,965
1994,48-49,434,419,853
1994,49-50,385,376,761
1994,50-51,514,502,1016
1994,51-52,526,511,1037
1994,52-53,513,499,1012
1994,53-54,620,607,1227
1994,54-55,655,645,1300
1994,55-56,643,637,1280
1994,56-57,601,599,1200
1994,57-58,562,563,1125
1994,58-59,548,555,1103
1994,59-60,531,542,1073
1994,60-61,494,508,1002
1994,61-62,398,415,813
1994,62-63,394,418,812
1994,63-64,399,430,829
1994,64-65,417,459,876
1994,65-66,400,450,850
1994,66-67,393,451,844
1994,67-68,345,435,780
1994,68-69,316,446,762
1994,69-70,296,455,751
1994,70-71,253,437,690
1994,71-72,241,430,671
1994,72-73,248,443,691
1994,73-74,246,460,706
1994,74-75,230,449,679
1994,75-76,167,330,497
1994,76-77,103,210,313
1994,77-78,95,195,290
1994,78-79,97,208,305
1994,79-80,118,264,382
1994,80-81,138,323,461
1994,81-82,129,307,436
1994,82-83,117,287,404
1994,83-84,98,249,347
1994,84-85,85,230,315
1994,85-86,73,206,279
1994,86-87,61,177,238
1994,87-88,50,150,200
1994,88-89,40,123,163
1994,89-90,31,95,126
1994,90-91,24,77,101
1994,91-92,17,58,75
1994,92-93,13,46,59
1994,93-94,9,33,42
1994,94-95,7,24,31
1994,95-96,0,0,0
1994,96-97,0,0,0
1994,97-98,0,0,0
1994,98-99,0,0,0
1994,99-100,0,0,0
1995,0-1,393,373,766
1995,1-2,399,377,776
1995,2-3,415,393,808
1995,3-4,424,404,828
1995,4-5,442,419,861
1995,5-6,486,461,947
1995,6-7,479,456,935
1995,7-8,493,467,960
1995,8-9,482,455,937
1995,9-10,472,449,921
1995,10-11,456,433,889
1995,11-12,455,431,886
1995,12-13,458,435,893
1995,13-14,471,446,917
1995,14-15,469,446,915
1995,15-16,473,449,922
1995,16-17,450,425,875
1995,17-18,446,420,866
1995,18-19,445,420,865
1995,19-20,442,420,862
1995,20-21,436,413,849
1995,21-22,448,429,877
1995,22-23,461,441,902
1995,23-24,518,491,1009
1995,24-25,582,549,1131
1995,25-26,616,576,1192
1995,26-27,669,623,1292
1995,27-28,706,656,1362
1995,28-29,726,676,1402
1995,29-30,749,696,1445
1995,30-31,759,698,1457
1995,31-32,771,713,1484
1995,32-33,765,709,1474
1995,33-34,740,690,1430
1995,34-35,726,683,1409
1995,35-36,708,665,1373
1995,36-37,686,645,1331
1995,37-38,653,613,1266
1995,38-39,641,604,1245
1995,39-40,626,591,1217
1995,40-41,607,578,1185
1995,41-42,595,574,1169
1995,42-43,576,561,1137
1995,43-44,579,565,1144
1995,44-45,569,555,1124
1995,45-46,576,561,1137
1995,46-47,560,541,1101
1995,47-48,519,499,1018
1995,48-49,489,474,963
1995,49-50,432,419,851
1995,50-51,383,376,759
1995,51-52,511,501,1012
1995,52-53,523,509,1032
1995,53-54,510,497,1007
1995,54-55,615,606,1221
1995,55-56,650,644,1294
1995,56-57,638,636,1274
1995,57-58,596,597,1193
1995,58-59,557,562,1119
1995,59-60,542,554,1096
1995,60-61,523,539,1062
1995,61-62,487,505,992
1995,62-63,391,412,803
1995,63-64,387,415,802
1995,64-65,391,427,818
1995,65-66,407,455,862
1995,66-67,390,445,835
1995,67-68,382,447,829
1995,68-69,336,430,766
1995,69-70,307,440,747
1995,70-71,286,447,733
1995,71-72,244,430,674
1995,72-73,231,421,652
1995,73-74,237,433,670
1995,74-75,234,448,682
1995,75-76,217,435,652
1995,76-77,157,319,476
1995,77-78,96,202,298
1995,78-79,88,187,275
1995,79-80,89,198,287
1995,80-81,107,250,357
1995,81-82,125,304,429
1995,82-83,116,286,402
1995,83-84,104,265,369
1995,84-85,85,227,312
1995,85-86,74,208,282
1995,86-87,62,183,245
1995,87-88,51,155,206
1995,88-89,41,129,170
1995,89-90,32,104,136
1995,90-91,25,79,104
1995,91-92,19,63,82
1995,92-93,13,47,60
1995,93-94,10,36,46
1995,94-95,7,25,32
1995,95-96,0,0,0
1995,96-97,0,0,0
1995,97-98,0,0,0
1995,98-99,0,0,0
1995,99-100,0,0,0
1996,0-1,409,387,796
1996,1-2,395,375,770
1996,2-3,400,379,779
1996,3-4,417,395,812
1996,4-5,426,406,832
1996,5-6,444,421,865
1996,6-7,488,463,951
1996,7-8,481,458,939
1996,8-9,495,469,964
1996,9-10,485,458,943
1996,10-11,475,451,926
1996,11-12,459,436,895
1996,12-13,458,434,892
1996,13-14,461,438,899
1996,14-15,474,449,923
1996,15-16,473,449,922
1996,16-17,477,452,929
1996,17-18,454,429,883
1996,18-19,451,425,876
1996,19-20,450,427,877
1996,20-21,448,428,876
1996,21-22,442,421,863
1996,22-23,454,435,889
1996,23-24,468,447,915
1996,24-25,523,496,1019
1996,25-26,586,553,1139
1996,26-27,620,579,1199
1996,27-28,672,626,1298
1996,28-29,707,659,1366
1996,29-30,727,679,1406
1996,30-31,750,697,1447
1996,31-32,759,700,1459
1996,32-33,771,714,1485
1996,33-34,766,711,1477
1996,34-35,740,692,1432
1996,35-36,726,685,1411
1996,36-37,708,667,1375
1996,37-38,686,647,1333
1996,38-39,653,614,1267
1996,39-40,640,605,1245
1996,40-41,626,593,1219
1996,41-42,607,579,1186
1996,42-43,594,575,1169
1996,43-44,575,562,1137
1996,44-45,578,565,1143
1996,45-46,567,555,1122
1996,46-47,574,561,1135
1996,47-48,558,541,1099
1996,48-49,516,499,1015
1996,49-50,487,473,960
1996,50-51,430,418,848
1996,51-52,380,375,755
1996,52-53,507,499,1006
1996,53-54,519,508,1027
1996,54-55,506,496,1002
1996,55-56,610,604,1214
1996,56-57,644,642,1286
1996,57-58,632,634,1266
1996,58-59,590,595,1185
1996,59-60,551,559,1110
1996,60-61,534,551,1085
1996,61-62,515,536,1051
1996,62-63,479,502,981
1996,63-64,384,409,793
1996,64-65,379,411,790
1996,65-66,382,423,805
1996,66-67,397,450,847
1996,67-68,380,440,820
1996,68-69,371,441,812
1996,69-70,326,424,750
1996,70-71,297,433,730
1996,71-72,276,440,716
1996,72-73,234,421,655
1996,73-74,221,412,633
1996,74-75,225,421,646
1996,75-76,221,435,656
1996,76-77,204,420,624
1996,77-78,147,307,454
1996,78-79,90,193,283
1996,79-80,81,178,259
1996,80-81,82,188,270
1996,81-82,97,235,332
1996,82-83,112,283,395
1996,83-84,103,264,367
1996,84-85,91,243,334
1996,85-86,74,205,279
1996,86-87,63,185,248
1996,87-88,52,160,212
1996,88-89,42,133,175
1996,89-90,34,110,144
1996,90-91,25,86,111
1996,91-92,19,64,83
1996,92-93,15,51,66
1996,93-94,10,36,46
1996,94-95,7,27,34
1996,95-96,0,0,0
1996,96-97,0,0,0
1996,97-98,0,0,0
1996,98-99,0,0,0
1996,99-100,0,0,0
1997,0-1,416,395,811
1997,1-2,410,388,798
1997,2-3,396,376,772
1997,3-4,401,379,780
1997,4-5,417,396,813
1997,5-6,427,406,833
1997,6-7,444,421,865
1997,7-8,488,463,951
1997,8-9,482,458,940
1997,9-10,497,470,967
1997,10-11,486,459,945
1997,11-12,477,452,929
1997,12-13,460,437,897
1997,13-14,459,435,894
1997,14-15,463,439,902
1997,15-16,477,451,928
1997,16-17,476,451,927
1997,17-18,480,455,935
1997,18-19,457,432,889
1997,19-20,454,431,885
1997,20-21,454,434,888
1997,21-22,452,433,885
1997,22-23,446,426,872
1997,23-24,458,439,897
1997,24-25,471,450,921
1997,25-26,525,498,1023
1997,26-27,587,554,1141
1997,27-28,620,581,1201
1997,28-29,671,627,1298
1997,29-30,706,659,1365
1997,30-31,724,678,1402
1997,31-32,747,697,1444
1997,32-33,756,700,1456
1997,33-34,768,714,1482
1997,34-35,763,711,1474
1997,35-36,738,692,1430
1997,36-37,724,685,1409
1997,37-38,705,667,1372
1997,38-39,683,647,1330
1997,39-40,650,615,1265
1997,40-41,638,605,1243
1997,41-42,623,593,1216
1997,42-43,604,579,1183
1997,43-44,592,575,1167
1997,44-45,572,561,1133
1997,45-46,575,565,1140
1997,46-47,564,555,1119
1997,47-48,571,560,1131
1997,48-49,555,540,1095
1997,49-50,513,498,1011
1997,50-51,484,472,956
1997,51-52,427,417,844
1997,52-53,377,374,751
1997,53-54,503,497,1000
1997,54-55,514,506,1020
1997,55-56,501,494,995
1997,56-57,605,601,1206
1997,57-58,638,639,1277
1997,58-59,625,631,1256
1997,59-60,583,592,1175
1997,60-61,544,556,1100
1997,61-62,526,547,1073
1997,62-63,507,532,1039
1997,63-64,470,498,968
1997,64-65,376,405,781
1997,65-66,370,407,777
1997,66-67,373,418,791
1997,67-68,387,445,832
1997,68-69,370,435,805
1997,69-70,360,435,795
1997,70-71,315,417,732
1997,71-72,287,425,712
1997,72-73,266,431,697
1997,73-74,224,412,636
1997,74-75,211,401,612
1997,75-76,214,409,623
1997,76-77,209,421,630
1997,77-78,191,405,596
1997,78-79,137,295,432
1997,79-80,83,184,267
1997,80-81,74,168,242
1997,81-82,75,177,252
1997,82-83,88,219,307
1997,83-84,100,262,362
1997,84-85,90,243,333
1997,85-86,79,220,299
1997,86-87,63,184,247
1997,87-88,53,164,217
1997,88-89,43,139,182
1997,89-90,34,114,148
1997,90-91,27,92,119
1997,91-92,20,71,91
1997,92-93,15,52,67
1997,93-94,11,40,51
1997,94-95,8,28,36
1997,95-96,0,0,0
1997,96-97,0,0,0
1997,97-98,0,0,0
1997,98-99,0,0,0
1997,99-100,0,0,0
1998,0-1,403,382,785
1998,1-2,417,395,812
1998,2-3,410,388,798
1998,3-4,395,375,770
1998,4-5,401,379,780
1998,5-6,417,396,813
1998,6-7,426,406,832
1998,7-8,443,421,864
1998,8-9,488,463,951
1998,9-10,482,458,940
1998,10-11,497,470,967
1998,11-12,487,459,946
1998,12-13,477,453,930
1998,13-14,461,437,898
1998,14-15,460,436,896
1998,15-16,464,440,904
1998,16-17,479,452,931
1998,17-18,478,453,931
1998,18-19,482,458,940
1998,19-20,461,438,899
1998,20-21,459,438,897
1998,21-22,458,439,897
1998,22-23,457,438,895
1998,23-24,451,430,881
1998,24-25,462,443,905
1998,25-26,473,452,925
1998,26-27,525,499,1024
1998,27-28,587,555,1142
1998,28-29,619,581,1200
1998,29-30,669,627,1296
1998,30-31,703,658,1361
1998,31-32,722,678,1400
1998,32-33,744,696,1440
1998,33-34,753,699,1452
1998,34-35,765,713,1478
1998,35-36,760,710,1470
1998,36-37,735,691,1426
1998,37-38,721,684,1405
1998,38-39,702,666,1368
1998,39-40,680,646,1326
1998,40-41,647,614,1261
1998,41-42,635,604,1239
1998,42-43,620,592,1212
1998,43-44,601,578,1179
1998,44-45,589,574,1163
1998,45-46,570,560,1130
1998,46-47,572,564,1136
1998,47-48,562,554,1116
1998,48-49,568,559,1127
1998,49-50,552,539,1091
1998,50-51,510,497,1007
1998,51-52,481,471,952
1998,52-53,423,415,838
1998,53-54,374,372,746
1998,54-55,499,495,994
1998,55-56,510,503,1013
1998,56-57,496,492,988
1998,57-58,599,599,1198
1998,58-59,631,636,1267
1998,59-60,618,628,1246
1998,60-61,576,589,1165
1998,61-62,536,553,1089
1998,62-63,518,544,1062
1998,63-64,498,528,1026
1998,64-65,461,493,954
1998,65-66,368,401,769
1998,66-67,362,403,765
1998,67-68,363,414,777
1998,68-69,377,440,817
1998,69-70,359,429,788
1998,70-71,348,428,776
1998,71-72,304,410,714
1998,72-73,276,417,693
1998,73-74,255,421,676
1998,74-75,214,402,616
1998,75-76,200,390,590
1998,76-77,202,397,599
1998,77-78,196,407,603
1998,78-79,179,389,568
1998,79-80,127,281,408
1998,80-81,76,175,251
1998,81-82,68,159,227
1998,82-83,67,166,233
1998,83-84,78,203,281
1998,84-85,89,241,330
1998,85-86,79,220,299
1998,86-87,68,197,265
1998,87-88,53,163,216
1998,88-89,44,142,186
1998,89-90,35,119,154
1998,90-91,27,95,122
1998,91-92,21,75,96
1998,92-93,16,57,73
1998,93-94,11,41,52
1998,94-95,8,31,39
1998,95-96,0,0,0
1998,96-97,0,0,0
1998,97-98,0,0,0
1998,98-99,0,0,0
1998,99-100,0,0,0
1999,0-1,396,375,771
1999,1-2,405,384,789
1999,2-3,418,396,814
1999,3-4,411,389,800
1999,4-5,397,377,774
1999,5-6,402,381,783
1999,6-7,418,397,815
1999,7-8,427,407,834
1999,8-9,444,422,866
1999,9-10,490,464,954
1999,10-11,483,460,943
1999,11-12,498,472,970
1999,12-13,488,461,949
1999,13-14,479,455,934
1999,14-15,462,439,901
1999,15-16,462,438,900
1999,16-17,467,442,909
1999,17-18,482,454,936
1999,18-19,481,457,938
1999,19-20,486,465,951
1999,20-21,466,446,912
1999,21-22,464,444,908
1999,22-23,464,446,910
1999,23-24,462,444,906
1999,24-25,456,435,891
1999,25-26,465,447,912
1999,26-27,476,456,932
1999,27-28,527,502,1029
1999,28-29,588,557,1145
1999,29-30,619,583,1202
1999,30-31,668,628,1296
1999,31-32,703,659,1362
1999,32-33,721,678,1399
1999,33-34,743,697,1440
1999,34-35,751,700,1451
1999,35-36,763,714,1477
1999,36-37,758,711,1469
1999,37-38,733,691,1424
1999,38-39,720,685,1405
1999,39-40,701,667,1368
1999,40-41,679,647,1326
1999,41-42,647,614,1261
1999,42-43,634,604,1238
1999,43-44,619,592,1211
1999,44-45,600,578,1178
1999,45-46,587,574,1161
1999,46-47,568,560,1128
1999,47-48,570,563,1133
1999,48-49,560,553,1113
1999,49-50,565,559,1124
1999,50-51,549,538,1087
1999,51-52,508,496,1004
1999,52-53,478,470,948
1999,53-54,421,414,835
1999,54-55,371,371,742
1999,55-56,495,493,988
1999,56-57,505,502,1007
1999,57-58,492,490,982
1999,58-59,593,596,1189
1999,59-60,625,634,1259
1999,60-61,611,625,1236
1999,61-62,568,586,1154
1999,62-63,528,550,1078
1999,63-64,510,540,1050
1999,64-65,489,524,1013
1999,65-66,452,489,941
1999,66-67,360,397,757
1999,67-68,353,399,752
1999,68-69,354,409,763
1999,69-70,366,434,800
1999,70-71,347,423,770
1999,71-72,337,422,759
1999,72-73,293,402,695
1999,73-74,265,408,673
1999,74-75,244,412,656
1999,75-76,204,391,595
1999,76-77,190,379,569
1999,77-78,190,383,573
1999,78-79,184,391,575
1999,79-80,166,372,538
1999,80-81,117,268,385
1999,81-82,70,165,235
1999,82-83,61,149,210
1999,83-84,60,154,214
1999,84-85,69,187,256
1999,85-86,77,219,296
1999,86-87,68,198,266
1999,87-88,57,175,232
1999,88-89,45,142,187
1999,89-90,36,122,158
1999,90-91,28,99,127
1999,91-92,20,75,95
1999,92-93,16,59,75
1999,93-94,12,45,57
1999,94-95,9,31,40
1999,95-96,0,0,0
1999,96-97,0,0,0
1999,97-98,0,0,0
1999,98-99,0,0,0
1999,99-100,0,0,0
2000,0-1,393,374,767
2000,1-2,397,376,773
2000,2-3,405,385,790
2000,3-4,418,397,815
2000,4-5,411,389,800
2000,5-6,397,377,774
2000,6-7,402,381,783
2000,7-8,418,397,815
2000,8-9,428,407,835
2000,9-10,445,423,868
2000,10-11,491,465,956
2000,11-12,484,461,945
2000,12-13,499,473,972
2000,13-14,490,462,952
2000,14-15,480,456,936
2000,15-16,464,441,905
2000,16-17,465,440,905
2000,17-18,469,444,913
2000,18-19,484,458,942
2000,19-20,484,464,948
2000,20-21,490,473,963
2000,21-22,470,453,923
2000,22-23,469,452,921
2000,23-24,469,453,922
2000,24-25,466,450,916
2000,25-26,459,440,899
2000,26-27,468,450,918
2000,27-28,477,459,936
2000,28-29,529,504,1033
2000,29-30,588,559,1147
2000,30-31,619,584,1203
2000,31-32,668,629,1297
2000,32-33,702,660,1362
2000,33-34,720,679,1399
2000,34-35,742,697,1439
2000,35-36,750,700,1450
2000,36-37,762,714,1476
2000,37-38,757,711,1468
2000,38-39,732,692,1424
2000,39-40,719,685,1404
2000,40-41,700,667,1367
2000,41-42,678,647,1325
2000,42-43,645,615,1260
2000,43-44,633,604,1237
2000,44-45,617,592,1209
2000,45-46,598,578,1176
2000,46-47,586,574,1160
2000,47-48,567,560,1127
2000,48-49,568,563,1131
2000,49-50,558,553,1111
2000,50-51,563,558,1121
2000,51-52,547,538,1085
2000,52-53,505,495,1000
2000,53-54,475,469,944
2000,54-55,418,413,831
2000,55-56,368,370,738
2000,56-57,490,491,981
2000,57-58,501,499,1000
2000,58-59,487,488,975
2000,59-60,587,594,1181
2000,60-61,617,630,1247
2000,61-62,603,621,1224
2000,62-63,560,582,1142
2000,63-64,520,547,1067
2000,64-65,501,536,1037
2000,65-66,480,520,1000
2000,66-67,442,485,927
2000,67-68,351,393,744
2000,68-69,344,394,738
2000,69-70,344,404,748
2000,70-71,355,428,783
2000,71-72,336,416,752
2000,72-73,325,414,739
2000,73-74,282,394,676
2000,74-75,254,399,653
2000,75-76,232,401,633
2000,76-77,194,380,574
2000,77-78,179,366,545
2000,78-79,178,369,547
2000,79-80,171,375,546
2000,80-81,153,353,506
2000,81-82,107,253,360
2000,82-83,63,155,218
2000,83-84,55,138,193
2000,84-85,54,142,196
2000,85-86,61,170,231
2000,86-87,67,197,264
2000,87-88,57,176,233
2000,88-89,48,153,201
2000,89-90,37,122,159
2000,90-91,29,102,131
2000,91-92,22,80,102
2000,92-93,15,60,75
2000,93-94,12,47,59
2000,94-95,9,35,44
2000,95-96,0,0,0
2000,96-97,0,0,0
2000,97-98,0,0,0
2000,98-99,0,0,0
2000,99-100,0,0,0
2001,0-1,378,358,736
2001,1-2,396,376,772
2001,2-3,399,377,776
2001,3-4,406,386,792
2001,4-5,419,398,817
2001,5-6,412,390,802
2001,6-7,398,378,776
2001,7-8,403,382,785
2001,8-9,419,398,817
2001,9-10,429,409,838
2001,10-11,446,424,870
2001,11-12,492,466,958
2001,12-13,486,462,948
2001,13-14,501,475,976
2001,14-15,492,464,956
2001,15-16,482,458,940
2001,16-17,468,444,912
2001,17-18,469,442,911
2001,18-19,473,449,922
2001,19-20,489,467,956
2001,20-21,490,473,963
2001,21-22,497,482,979
2001,22-23,477,462,939
2001,23-24,476,460,936
2001,24-25,476,460,936
2001,25-26,473,456,929
2001,26-27,465,444,909
2001,27-28,473,455,928
2001,28-29,481,462,943
2001,29-30,532,507,1039
2001,30-31,590,562,1152
2001,31-32,621,587,1208
2001,32-33,669,631,1300
2001,33-34,702,662,1364
2001,34-35,720,680,1400
2001,35-36,742,698,1440
2001,36-37,750,701,1451
2001,37-38,762,715,1477
2001,38-39,757,712,1469
2001,39-40,732,693,1425
2001,40-41,718,686,1404
2001,41-42,699,668,1367
2001,42-43,677,648,1325
2001,43-44,644,615,1259
2001,44-45,632,605,1237
2001,45-46,615,592,1207
2001,46-47,596,578,1174
2001,47-48,584,574,1158
2001,48-49,565,560,1125
2001,49-50,566,563,1129
2001,50-51,555,553,1108
2001,51-52,560,557,1117
2001,52-53,544,537,1081
2001,53-54,502,494,996
2001,54-55,472,468,940
2001,55-56,414,412,826
2001,56-57,365,369,734
2001,57-58,486,489,975
2001,58-59,496,497,993
2001,59-60,482,486,968
2001,60-61,580,591,1171
2001,61-62,610,627,1237
2001,62-63,595,618,1213
2001,63-64,552,579,1131
2001,64-65,512,543,1055
2001,65-66,492,532,1024
2001,66-67,470,515,985
2001,67-68,432,480,912
2001,68-69,343,389,732
2001,69-70,335,390,725
2001,70-71,334,398,732
2001,71-72,343,421,764
2001,72-73,324,409,733
2001,73-74,312,406,718
2001,74-75,271,386,657
2001,75-76,243,390,633
2001,76-77,221,390,611
2001,77-78,184,368,552
2001,78-79,169,353,522
2001,79-80,167,354,521
2001,80-81,158,357,515
2001,81-82,141,334,475
2001,82-83,97,238,335
2001,83-84,57,144,201
2001,84-85,49,128,177
2001,85-86,47,129,176
2001,86-87,53,153,206
2001,87-88,57,176,233
2001,88-89,48,154,202
2001,89-90,40,132,172
2001,90-91,30,103,133
2001,91-92,23,84,107
2001,92-93,17,64,81
2001,93-94,12,47,59
2001,94-95,9,36,45
2001,95-96,7,27,34
2001,96-97,5,18,23
2001,97-98,4,14,18
2001,98-99,3,10,13
2001,99-100,3,7,10
2002,0-1,369,350,719
2002,1-2,380,359,739
2002,2-3,397,377,774
2002,3-4,400,378,778
2002,4-5,407,387,794
2002,5-6,420,399,819
2002,6-7,412,391,803
2002,7-8,398,379,777
2002,8-9,404,383,787
2002,9-10,420,399,819
2002,10-11,430,410,840
2002,11-12,448,425,873
2002,12-13,494,468,962
2002,13-14,488,464,952
2002,14-15,503,476,979
2002,15-16,494,466,960
2002,16-17,485,460,945
2002,17-18,470,446,916
2002,18-19,471,447,918
2002,19-20,478,457,935
2002,20-21,495,475,970
2002,21-22,495,481,976
2002,22-23,503,489,992
2002,23-24,484,469,953
2002,24-25,482,466,948
2002,25-26,481,465,946
2002,26-27,477,459,936
2002,27-28,468,448,916
2002,28-29,475,458,933
2002,29-30,483,465,948
2002,30-31,533,510,1043
2002,31-32,591,563,1154
2002,32-33,621,588,1209
2002,33-34,669,632,1301
2002,34-35,702,663,1365
2002,35-36,719,681,1400
2002,36-37,741,699,1440
2002,37-38,749,702,1451
2002,38-39,761,716,1477
2002,39-40,756,713,1469
2002,40-41,731,693,1424
2002,41-42,717,687,1404
2002,42-43,698,669,1367
2002,43-44,676,648,1324
2002,44-45,643,616,1259
2002,45-46,630,605,1235
2002,46-47,613,592,1205
2002,47-48,594,578,1172
2002,48-49,582,574,1156
2002,49-50,562,559,1121
2002,50-51,563,562,1125
2002,51-52,553,552,1105
2002,52-53,557,556,1113
2002,53-54,541,536,1077
2002,54-55,499,493,992
2002,55-56,469,466,935
2002,56-57,411,410,821
2002,57-58,362,367,729
2002,58-59,481,487,968
2002,59-60,491,495,986
2002,60-61,477,483,960
2002,61-62,573,588,1161
2002,62-63,601,623,1224
2002,63-64,586,614,1200
2002,64-65,543,575,1118
2002,65-66,503,539,1042
2002,66-67,483,528,1011
2002,67-68,460,510,970
2002,68-69,422,475,897
2002,69-70,334,384,718
2002,70-71,325,384,709
2002,71-72,324,392,716
2002,72-73,332,414,746
2002,73-74,311,401,712
2002,74-75,299,397,696
2002,75-76,259,376,635
2002,76-77,231,379,610
2002,77-78,209,378,587
2002,78-79,173,355,528
2002,79-80,158,339,497
2002,80-81,155,338,493
2002,81-82,146,338,484
2002,82-83,128,314,442
2002,83-84,88,222,310
2002,84-85,51,133,184
2002,85-86,43,117,160
2002,86-87,41,117,158
2002,87-88,45,136,181
2002,88-89,48,154,202
2002,89-90,40,132,172
2002,90-91,32,111,143
2002,91-92,23,84,107
2002,92-93,18,67,85
2002,93-94,13,50,63
2002,94-95,9,36,45
2002,95-96,7,28,35
2002,96-97,6,20,26
2002,97-98,4,14,18
2002,98-99,4,10,14
2002,99-100,3,7,10
2003,0-1,362,344,706
2003,1-2,371,352,723
2003,2-3,380,361,741
2003,3-4,396,379,775
2003,4-5,400,378,778
2003,5-6,408,387,795
2003,6-7,420,399,819
2003,7-8,413,391,804
2003,8-9,399,379,778
2003,9-10,405,383,788
2003,10-11,421,399,820
2003,11-12,431,411,842
2003,12-13,449,426,875
2003,13-14,495,469,964
2003,14-15,489,465,954
2003,15-16,504,477,981
2003,16-17,495,467,962
2003,17-18,487,462,949
2003,18-19,472,449,921
2003,19-20,475,453,928
2003,20-21,482,464,946
2003,21-22,499,482,981
2003,22-23,500,487,987
2003,23-24,508,495,1003
2003,24-25,488,475,963
2003,25-26,486,471,957
2003,26-27,484,468,952
2003,27-28,479,462,941
2003,28-29,469,451,920
2003,29-30,476,460,936
2003,30-31,483,466,949
2003,31-32,532,511,1043
2003,32-33,590,564,1154
2003,33-34,620,589,1209
2003,34-35,667,633,1300
2003,35-36,700,663,1363
2003,36-37,717,681,1398
2003,37-38,739,699,1438
2003,38-39,747,701,1448
2003,39-40,759,716,1475
2003,40-41,754,713,1467
2003,41-42,729,693,1422
2003,42-43,715,686,1401
2003,43-44,696,669,1365
2003,44-45,674,648,1322
2003,45-46,641,615,1256
2003,46-47,628,604,1232
2003,47-48,611,592,1203
2003,48-49,592,578,1170
2003,49-50,579,573,1152
2003,50-51,559,559,1118
2003,51-52,561,561,1122
2003,52-53,550,551,1101
2003,53-54,554,555,1109
2003,54-55,537,535,1072
2003,55-56,495,491,986
2003,56-57,465,465,930
2003,57-58,408,408,816
2003,58-59,358,366,724
2003,59-60,476,485,961
2003,60-61,485,492,977
2003,61-62,471,480,951
2003,62-63,566,584,1150
2003,63-64,593,619,1212
2003,64-65,577,610,1187
2003,65-66,534,571,1105
2003,66-67,493,535,1028
2003,67-68,473,523,996
2003,68-69,449,505,954
2003,69-70,411,469,880
2003,70-71,325,379,704
2003,71-72,315,378,693
2003,72-73,312,385,697
2003,73-74,319,406,725
2003,74-75,299,393,692
2003,75-76,286,388,674
2003,76-77,246,367,613
2003,77-78,219,367,586
2003,78-79,197,365,562
2003,79-80,162,341,503
2003,80-81,146,324,470
2003,81-82,142,320,462
2003,82-83,133,318,451
2003,83-84,116,292,408
2003,84-85,78,205,283
2003,85-86,45,122,167
2003,86-87,38,105,143
2003,87-88,35,104,139
2003,88-89,38,119,157
2003,89-90,40,132,172
2003,90-91,32,111,143
2003,91-92,25,90,115
2003,92-93,18,67,85
2003,93-94,13,53,66
2003,94-95,10,38,48
2003,95-96,7,27,34
2003,96-97,6,20,26
2003,97-98,5,15,20
2003,98-99,4,10,14
2003,99-100,3,8,11
2004,0-1,362,343,705
2004,1-2,364,346,710
2004,2-3,371,353,724
2004,3-4,380,361,741
2004,4-5,396,379,775
2004,5-6,400,379,779
2004,6-7,407,387,794
2004,7-8,420,399,819
2004,8-9,413,391,804
2004,9-10,399,380,779
2004,10-11,405,384,789
2004,11-12,422,400,822
2004,12-13,432,411,843
2004,13-14,449,427,876
2004,14-15,495,469,964
2004,15-16,490,466,956
2004,16-17,505,478,983
2004,17-18,497,469,966
2004,18-19,488,465,953
2004,19-20,475,455,930
2004,20-21,478,460,938
2004,21-22,485,470,955
2004,22-23,502,487,989
2004,23-24,503,493,996
2004,24-25,512,500,1012
2004,25-26,490,477,967
2004,26-27,487,472,959
2004,27-28,484,470,954
2004,28-29,479,464,943
2004,29-30,469,452,921
2004,30-31,475,461,936
2004,31-32,482,467,949
2004,32-33,531,511,1042
2004,33-34,589,565,1154
2004,34-35,619,589,1208
2004,35-36,666,632,1298
2004,36-37,699,663,1362
2004,37-38,715,681,1396
2004,38-39,737,699,1436
2004,39-40,745,701,1446
2004,40-41,757,715,1472
2004,41-42,752,712,1464
2004,42-43,727,693,1420
2004,43-44,713,686,1399
2004,44-45,694,668,1362
2004,45-46,672,647,1319
2004,46-47,639,615,1254
2004,47-48,625,604,1229
2004,48-49,609,591,1200
2004,49-50,589,577,1166
2004,50-51,576,572,1148
2004,51-52,556,557,1113
2004,52-53,557,560,1117
2004,53-54,546,550,1096
2004,54-55,550,554,1104
2004,55-56,533,533,1066
2004,56-57,491,489,980
2004,57-58,461,463,924
2004,58-59,404,406,810
2004,59-60,355,363,718
2004,60-61,471,482,953
2004,61-62,479,489,968
2004,62-63,464,477,941
2004,63-64,557,581,1138
2004,64-65,583,615,1198
2004,65-66,567,605,1172
2004,66-67,524,566,1090
2004,67-68,483,530,1013
2004,68-69,462,517,979
2004,69-70,439,499,938
2004,70-71,400,463,863
2004,71-72,315,373,688
2004,72-73,305,372,677
2004,73-74,301,378,679
2004,74-75,307,398,705
2004,75-76,286,384,670
2004,76-77,272,377,649
2004,77-78,234,356,590
2004,78-79,207,355,562
2004,79-80,185,351,536
2004,80-81,151,326,477
2004,81-82,135,308,443
2004,82-83,131,302,433
2004,83-84,121,297,418
2004,84-85,104,271,375
2004,85-86,69,188,257
2004,86-87,39,110,149
2004,87-88,33,94,127
2004,88-89,30,92,122
2004,89-90,32,103,135
2004,90-91,33,112,145
2004,91-92,25,92,117
2004,92-93,20,73,93
2004,93-94,14,53,67
2004,94-95,11,41,52
2004,95-96,8,28,36
2004,96-97,5,20,25
2004,97-98,5,15,20
2004,98-99,4,11,15
2004,99-100,3,8,11
2005,0-1,352,334,686
2005,1-2,363,345,708
2005,2-3,365,346,711
2005,3-4,372,353,725
2005,4-5,381,361,742
2005,5-6,396,379,775
2005,6-7,400,378,778
2005,7-8,407,386,793
2005,8-9,420,399,819
2005,9-10,413,391,804
2005,10-11,400,380,780
2005,11-12,405,384,789
2005,12-13,422,400,822
2005,13-14,432,411,843
2005,14-15,450,427,877
2005,15-16,496,470,966
2005,16-17,490,466,956
2005,17-18,506,479,985
2005,18-19,497,471,968
2005,19-20,491,470,961
2005,20-21,478,461,939
2005,21-22,482,466,948
2005,22-23,489,476,965
2005,23-24,506,493,999
2005,24-25,507,497,1004
2005,25-26,514,503,1017
2005,26-27,492,480,972
2005,27-28,488,474,962
2005,28-29,485,471,956
2005,29-30,479,465,944
2005,30-31,469,453,922
2005,31-32,475,461,936
2005,32-33,482,467,949
2005,33-34,531,512,1043
2005,34-35,588,565,1153
2005,35-36,618,589,1207
2005,36-37,664,632,1296
2005,37-38,697,662,1359
2005,38-39,714,680,1394
2005,39-40,736,699,1435
2005,40-41,744,701,1445
2005,41-42,755,715,1470
2005,42-43,750,712,1462
2005,43-44,725,692,1417
2005,44-45,711,686,1397
2005,45-46,692,668,1360
2005,46-47,670,647,1317
2005,47-48,637,614,1251
2005,48-49,623,603,1226
2005,49-50,606,590,1196
2005,50-51,587,576,1163
2005,51-52,573,571,1144
2005,52-53,553,556,1109
2005,53-54,554,559,1113
2005,54-55,543,548,1091
2005,55-56,546,552,1098
2005,56-57,529,531,1060
2005,57-58,487,487,974
2005,58-59,457,461,918
2005,59-60,400,404,804
2005,60-61,350,361,711
2005,61-62,465,478,943
2005,62-63,472,486,958
2005,63-64,458,474,932
2005,64-65,549,576,1125
2005,65-66,573,610,1183
2005,66-67,556,600,1156
2005,67-68,514,561,1075
2005,68-69,473,524,997
2005,69-70,451,511,962
2005,70-71,427,492,919
2005,71-72,389,456,845
2005,72-73,305,368,673
2005,73-74,295,365,660
2005,74-75,291,372,663
2005,75-76,294,389,683
2005,76-77,272,374,646
2005,77-78,258,366,624
2005,78-79,221,345,566
2005,79-80,194,342,536
2005,80-81,173,336,509
2005,81-82,140,310,450
2005,82-83,124,291,415
2005,83-84,118,282,400
2005,84-85,108,276,384
2005,85-86,92,248,340
2005,86-87,61,170,231
2005,87-88,34,98,132
2005,88-89,28,83,111
2005,89-90,25,79,104
2005,90-91,26,87,113
2005,91-92,26,92,118
2005,92-93,20,74,94
2005,93-94,15,57,72
2005,94-95,11,41,52
2005,95-96,8,31,39
2005,96-97,6,20,26
2005,97-98,4,14,18
2005,98-99,4,11,15
2005,99-100,3,8,11
2006,0-1,346,327,673
2006,1-2,353,335,688
2006,2-3,363,345,708
2006,3-4,364,346,710
2006,4-5,371,353,724
2006,5-6,380,361,741
2006,6-7,395,378,773
2006,7-8,399,377,776
2006,8-9,406,386,792
2006,9-10,420,398,818
2006,10-11,412,391,803
2006,11-12,399,380,779
2006,12-13,405,384,789
2006,13-14,422,400,822
2006,14-15,432,411,843
2006,15-16,450,427,877
2006,16-17,496,470,966
2006,17-18,490,467,957
2006,18-19,506,481,987
2006,19-20,499,475,974
2006,20-21,493,475,968
2006,21-22,482,466,948
2006,22-23,485,470,955
2006,23-24,492,480,972
2006,24-25,509,496,1005
2006,25-26,508,499,1007
2006,26-27,515,504,1019
2006,27-28,493,480,973
2006,28-29,489,475,964
2006,29-30,485,472,957
2006,30-31,479,465,944
2006,31-32,468,453,921
2006,32-33,475,461,936
2006,33-34,481,467,948
2006,34-35,530,512,1042
2006,35-36,587,564,1151
2006,36-37,616,589,1205
2006,37-38,663,631,1294
2006,38-39,695,662,1357
2006,39-40,712,679,1391
2006,40-41,734,698,1432
2006,41-42,742,700,1442
2006,42-43,753,714,1467
2006,43-44,748,711,1459
2006,44-45,723,691,1414
2006,45-46,709,685,1394
2006,46-47,689,667,1356
2006,47-48,668,646,1314
2006,48-49,634,613,1247
2006,49-50,620,602,1222
2006,50-51,603,589,1192
2006,51-52,584,574,1158
2006,52-53,570,570,1140
2006,53-54,550,555,1105
2006,54-55,550,557,1107
2006,55-56,539,546,1085
2006,56-57,542,550,1092
2006,57-58,524,529,1053
2006,58-59,483,485,968
2006,59-60,452,459,911
2006,60-61,395,402,797
2006,61-62,346,359,705
2006,62-63,459,475,934
2006,63-64,465,482,947
2006,64-65,451,471,922
2006,65-66,540,572,1112
2006,66-67,563,605,1168
2006,67-68,546,595,1141
2006,68-69,503,555,1058
2006,69-70,462,518,980
2006,70-71,440,505,945
2006,71-72,416,486,902
2006,72-73,377,450,827
2006,73-74,295,361,656
2006,74-75,284,358,642
2006,75-76,279,363,642
2006,76-77,281,379,660
2006,77-78,259,364,623
2006,78-79,244,355,599
2006,79-80,208,332,540
2006,80-81,182,327,509
2006,81-82,160,320,480
2006,82-83,129,294,423
2006,83-84,113,272,385
2006,84-85,107,262,369
2006,85-86,96,253,349
2006,86-87,81,225,306
2006,87-88,53,152,205
2006,88-89,29,87,116
2006,89-90,23,72,95
2006,90-91,21,68,89
2006,91-92,21,72,93
2006,92-93,20,74,94
2006,93-94,15,58,73
2006,94-95,12,45,57
2006,95-96,9,31,40
2006,96-97,6,23,29
2006,97-98,5,15,20
2006,98-99,4,10,14
2006,99-100,3,8,11
2007,0-1,352,333,685
2007,1-2,347,329,676
2007,2-3,353,336,689
2007,3-4,363,345,708
2007,4-5,364,346,710
2007,5-6,371,352,723
2007,6-7,379,360,739
2007,7-8,395,378,773
2007,8-9,398,377,775
2007,9-10,406,386,792
2007,10-11,419,398,817
2007,11-12,412,391,803
2007,12-13,400,380,780
2007,13-14,405,384,789
2007,14-15,422,400,822
2007,15-16,432,411,843
2007,16-17,450,428,878
2007,17-18,496,471,967
2007,18-19,491,469,960
2007,19-20,509,485,994
2007,20-21,503,480,983
2007,21-22,497,480,977
2007,22-23,485,471,956
2007,23-24,488,474,962
2007,24-25,495,483,978
2007,25-26,512,498,1010
2007,26-27,510,500,1010
2007,27-28,516,505,1021
2007,28-29,493,481,974
2007,29-30,488,475,963
2007,30-31,484,472,956
2007,31-32,479,465,944
2007,32-33,468,453,921
2007,33-34,474,462,936
2007,34-35,480,467,947
2007,35-36,529,512,1041
2007,36-37,586,564,1150
2007,37-38,615,589,1204
2007,38-39,661,631,1292
2007,39-40,694,661,1355
2007,40-41,711,679,1390
2007,41-42,732,697,1429
2007,42-43,740,699,1439
2007,43-44,751,713,1464
2007,44-45,746,710,1456
2007,45-46,721,690,1411
2007,46-47,707,684,1391
2007,47-48,687,666,1353
2007,48-49,665,645,1310
2007,49-50,631,612,1243
2007,50-51,617,600,1217
2007,51-52,600,588,1188
2007,52-53,580,573,1153
2007,53-54,566,568,1134
2007,54-55,546,553,1099
2007,55-56,546,555,1101
2007,56-57,535,544,1079
2007,57-58,537,547,1084
2007,58-59,520,526,1046
2007,59-60,478,482,960
2007,60-61,447,456,903
2007,61-62,390,399,789
2007,62-63,341,356,697
2007,63-64,452,472,924
2007,64-65,458,479,937
2007,65-66,443,467,910
2007,66-67,530,567,1097
2007,67-68,552,600,1152
2007,68-69,535,589,1124
2007,69-70,492,549,1041
2007,70-71,451,512,963
2007,71-72,429,498,927
2007,72-73,404,478,882
2007,73-74,365,442,807
2007,74-75,285,354,639
2007,75-76,273,350,623
2007,76-77,266,354,620
2007,77-78,267,369,636
2007,78-79,245,352,597
2007,79-80,230,342,572
2007,80-81,194,319,513
2007,81-82,169,312,481
2007,82-83,147,303,450
2007,83-84,118,276,394
2007,84-85,102,253,355
2007,85-86,95,241,336
2007,86-87,85,231,316
2007,87-88,70,201,271
2007,88-89,45,134,179
2007,89-90,25,75,100
2007,90-91,19,61,80
2007,91-92,17,56,73
2007,92-93,16,57,73
2007,93-94,16,58,74
2007,94-95,12,45,57
2007,95-96,9,34,43
2007,96-97,7,24,31
2007,97-98,5,17,22
2007,98-99,4,11,15
2007,99-100,3,8,11
2008,0-1,350,333,683
2008,1-2,353,335,688
2008,2-3,348,329,677
2008,3-4,353,336,689
2008,4-5,363,345,708
2008,5-6,364,345,709
2008,6-7,370,351,721
2008,7-8,379,360,739
2008,8-9,395,377,772
2008,9-10,398,377,775
2008,10-11,406,385,791
2008,11-12,419,398,817
2008,12-13,412,391,803
2008,13-14,399,380,779
2008,14-15,405,384,789
2008,15-16,422,400,822
2008,16-17,432,412,844
2008,17-18,450,428,878
2008,18-19,497,472,969
2008,19-20,494,472,966
2008,20-21,513,490,1003
2008,21-22,506,484,990
2008,22-23,500,483,983
2008,23-24,488,473,961
2008,24-25,490,475,965
2008,25-26,496,482,978
2008,26-27,511,497,1008
2008,27-28,509,499,1008
2008,28-29,515,503,1018
2008,29-30,491,480,971
2008,30-31,486,474,960
2008,31-32,482,470,952
2008,32-33,476,464,940
2008,33-34,466,452,918
2008,34-35,472,461,933
2008,35-36,478,466,944
2008,36-37,526,511,1037
2008,37-38,583,563,1146
2008,38-39,612,587,1199
2008,39-40,659,630,1289
2008,40-41,691,660,1351
2008,41-42,708,678,1386
2008,42-43,729,695,1424
2008,43-44,736,697,1433
2008,44-45,747,711,1458
2008,45-46,742,709,1451
2008,46-47,717,689,1406
2008,47-48,703,682,1385
2008,48-49,683,664,1347
2008,49-50,661,643,1304
2008,50-51,627,610,1237
2008,51-52,613,599,1212
2008,52-53,596,586,1182
2008,53-54,576,571,1147
2008,54-55,562,566,1128
2008,55-56,542,551,1093
2008,56-57,542,552,1094
2008,57-58,530,541,1071
2008,58-59,532,544,1076
2008,59-60,515,523,1038
2008,60-61,472,479,951
2008,61-62,441,453,894
2008,62-63,384,396,780
2008,63-64,336,353,689
2008,64-65,445,468,913
2008,65-66,451,475,926
2008,66-67,435,463,898
2008,67-68,520,562,1082
2008,68-69,541,594,1135
2008,69-70,523,582,1105
2008,70-71,481,543,1024
2008,71-72,440,505,945
2008,72-73,416,491,907
2008,73-74,391,470,861
2008,74-75,352,434,786
2008,75-76,273,347,620
2008,76-77,261,342,603
2008,77-78,254,344,598
2008,78-79,253,357,610
2008,79-80,230,340,570
2008,80-81,215,328,543
2008,81-82,180,304,484
2008,82-83,155,295,450
2008,83-84,135,284,419
2008,84-85,106,256,362
2008,85-86,91,233,324
2008,86-87,84,219,303
2008,87-88,73,206,279
2008,88-89,60,177,237
2008,89-90,38,116,154
2008,90-91,20,64,84
2008,91-92,15,50,65
2008,92-93,13,45,58
2008,93-94,13,44,57
2008,94-95,12,44,56
2008,95-96,8,35,43
2008,96-97,5,24,29
2008,97-98,3,17,20
2008,98-99,2,12,14
2008,99-100,1,8,9
2009,0-1,341,323,664
2009,1-2,350,333,683
2009,2-3,353,335,688
2009,3-4,348,329,677
2009,4-5,353,335,688
2009,5-6,363,345,708
2009,6-7,364,345,709
2009,7-8,370,351,721
2009,8-9,379,359,738
2009,9-10,395,377,772
2009,10-11,398,376,774
2009,11-12,406,385,791
2009,12-13,419,398,817
2009,13-14,412,390,802
2009,14-15,399,379,778
2009,15-16,406,385,791
2009,16-17,422,401,823
2009,17-18,433,413,846
2009,18-19,451,429,880
2009,19-20,498,473,971
2009,20-21,497,474,971
2009,21-22,515,492,1007
2009,22-23,508,486,994
2009,23-24,502,485,987
2009,24-25,490,475,965
2009,25-26,490,475,965
2009,26-27,496,482,978
2009,27-28,511,497,1008
2009,28-29,509,498,1007
2009,29-30,515,503,1018
2009,30-31,490,479,969
2009,31-32,484,473,957
2009,32-33,481,469,950
2009,33-34,474,463,937
2009,34-35,464,451,915
2009,35-36,470,460,930
2009,36-37,476,465,941
2009,37-38,524,509,1033
2009,38-39,581,561,1142
2009,39-40,609,586,1195
2009,40-41,657,628,1285
2009,41-42,689,658,1347
2009,42-43,706,676,1382
2009,43-44,726,694,1420
2009,44-45,734,696,1430
2009,45-46,745,710,1455
2009,46-47,740,707,1447
2009,47-48,714,687,1401
2009,48-49,700,681,1381
2009,49-50,680,662,1342
2009,50-51,658,641,1299
2009,51-52,624,608,1232
2009,52-53,610,597,1207
2009,53-54,592,584,1176
2009,54-55,572,569,1141
2009,55-56,558,564,1122
2009,56-57,538,548,1086
2009,57-58,537,550,1087
2009,58-59,525,539,1064
2009,59-60,527,542,1069
2009,60-61,509,520,1029
2009,61-62,467,476,943
2009,62-63,436,450,886
2009,63-64,379,393,772
2009,64-65,331,351,682
2009,65-66,438,464,902
2009,66-67,443,471,914
2009,67-68,427,458,885
2009,68-69,510,556,1066
2009,69-70,529,587,1116
2009,70-71,511,576,1087
2009,71-72,468,535,1003
2009,72-73,427,498,925
2009,73-74,403,483,886
2009,74-75,377,461,838
2009,75-76,338,424,762
2009,76-77,262,338,600
2009,77-78,248,332,580
2009,78-79,240,334,574
2009,79-80,238,344,582
2009,80-81,216,326,542
2009,81-82,199,313,512
2009,82-83,166,288,454
2009,83-84,142,277,419
2009,84-85,122,264,386
2009,85-86,95,236,331
2009,86-87,80,212,292
2009,87-88,73,197,270
2009,88-89,63,183,246
2009,89-90,51,154,205
2009,90-91,31,99,130
2009,91-92,16,54,70
2009,92-93,12,41,53
2009,93-94,10,36,46
2009,94-95,10,34,44
2009,95-96,9,33,42
2009,96-97,6,26,32
2009,97-98,4,18,22
2009,98-99,2,12,14
2009,99-100,1,8,9
2010,0-1,339,321,660
2010,1-2,341,322,663
2010,2-3,350,333,683
2010,3-4,353,335,688
2010,4-5,348,329,677
2010,5-6,353,335,688
2010,6-7,363,345,708
2010,7-8,364,345,709
2010,8-9,370,351,721
2010,9-10,379,359,738
2010,10-11,395,377,772
2010,11-12,398,376,774
2010,12-13,406,385,791
2010,13-14,419,398,817
2010,14-15,412,390,802
2010,15-16,400,380,780
2010,16-17,407,386,793
2010,17-18,423,402,825
2010,18-19,434,414,848
2010,19-20,451,430,881
2010,20-21,500,475,975
2010,21-22,498,476,974
2010,22-23,517,494,1011
2010,23-24,510,488,998
2010,24-25,504,487,991
2010,25-26,490,475,965
2010,26-27,490,474,964
2010,27-28,496,482,978
2010,28-29,511,496,1007
2010,29-30,509,498,1007
2010,30-31,514,502,1016
2010,31-32,489,478,967
2010,32-33,484,472,956
2010,33-34,480,469,949
2010,34-35,474,463,937
2010,35-36,463,450,913
2010,36-37,469,459,928
2010,37-38,474,464,938
2010,38-39,523,509,1032
2010,39-40,579,561,1140
2010,40-41,608,585,1193
2010,41-42,655,628,1283
2010,42-43,687,658,1345
2010,43-44,704,675,1379
2010,44-45,724,693,1417
2010,45-46,732,695,1427
2010,46-47,743,709,1452
2010,47-48,737,706,1443
2010,48-49,712,686,1398
2010,49-50,697,679,1376
2010,50-51,677,661,1338
2010,51-52,655,640,1295
2010,52-53,621,607,1228
2010,53-54,606,595,1201
2010,54-55,589,582,1171
2010,55-56,568,567,1135
2010,56-57,554,562,1116
2010,57-58,533,546,1079
2010,58-59,533,547,1080
2010,59-60,520,536,1056
2010,60-61,521,539,1060
2010,61-62,503,517,1020
2010,62-63,461,474,935
2010,63-64,430,447,877
2010,64-65,374,391,765
2010,65-66,326,348,674
2010,66-67,431,461,892
2010,67-68,435,467,902
2010,68-69,419,454,873
2010,69-70,499,551,1050
2010,70-71,517,581,1098
2010,71-72,498,568,1066
2010,72-73,455,528,983
2010,73-74,414,490,904
2010,74-75,389,474,863
2010,75-76,363,451,814
2010,76-77,324,414,738
2010,77-78,249,329,578
2010,78-79,235,322,557
2010,79-80,226,322,548
2010,80-81,223,331,554
2010,81-82,200,311,511
2010,82-83,184,296,480
2010,83-84,152,270,422
2010,84-85,128,258,386
2010,85-86,109,244,353
2010,86-87,84,215,299
2010,87-88,70,190,260
2010,88-89,63,174,237
2010,89-90,53,160,213
2010,90-91,42,132,174
2010,91-92,26,83,109
2010,92-93,13,44,57
2010,93-94,10,33,43
2010,94-95,8,28,36
2010,95-96,7,26,33
2010,96-97,7,25,32
2010,97-98,4,19,23
2010,98-99,3,12,15
2010,99-100,1,8,9
2011,0-1,337,321,658
2011,1-2,348,331,679
2011,2-3,344,326,670
2011,3-4,353,336,689
2011,4-5,354,336,690
2011,5-6,348,329,677
2011,6-7,352,335,687
2011,7-8,362,344,706
2011,8-9,362,344,706
2011,9-10,370,350,720
2011,10-11,379,359,738
2011,11-12,395,376,771
2011,12-13,397,376,773
2011,13-14,405,385,790
2011,14-15,418,398,816
2011,15-16,411,390,801
2011,16-17,400,379,779
2011,17-18,405,384,789
2011,18-19,420,399,819
2011,19-20,429,410,839
2011,20-21,449,430,879
2011,21-22,498,477,975
2011,22-23,494,476,970
2011,23-24,513,492,1005
2011,24-25,507,486,993
2011,25-26,499,483,982
2011,26-27,484,470,954
2011,27-28,486,472,958
2011,28-29,490,477,967
2011,29-30,503,491,994
2011,30-31,498,493,991
2011,31-32,499,495,994
2011,32-33,477,473,950
2011,33-34,472,468,940
2011,34-35,470,465,935
2011,35-36,461,458,919
2011,36-37,450,445,895
2011,37-38,456,454,910
2011,38-39,462,460,922
2011,39-40,504,500,1004
2011,40-41,559,551,1110
2011,41-42,582,573,1155
2011,42-43,630,616,1246
2011,43-44,662,646,1308
2011,44-45,681,666,1347
2011,45-46,704,686,1390
2011,46-47,709,688,1397
2011,47-48,722,703,1425
2011,48-49,717,699,1416
2011,49-50,693,679,1372
2011,50-51,682,673,1355
2011,51-52,658,651,1309
2011,52-53,641,634,1275
2011,53-54,605,600,1205
2011,54-55,591,588,1179
2011,55-56,573,574,1147
2011,56-57,552,560,1112
2011,57-58,538,555,1093
2011,58-59,518,539,1057
2011,59-60,516,539,1055
2011,60-61,505,529,1034
2011,61-62,504,529,1033
2011,62-63,488,510,998
2011,63-64,446,465,911
2011,64-65,416,439,855
2011,65-66,361,383,744
2011,66-67,312,340,652
2011,67-68,416,452,868
2011,68-69,420,457,877
2011,69-70,403,443,846
2011,70-71,481,540,1021
2011,71-72,497,568,1065
2011,72-73,480,558,1038
2011,73-74,437,516,953
2011,74-75,397,479,876
2011,75-76,371,460,831
2011,76-77,344,438,782
2011,77-78,306,400,706
2011,78-79,234,316,550
2011,79-80,219,309,528
2011,80-81,209,307,516
2011,81-82,203,314,517
2011,82-83,182,294,476
2011,83-84,164,277,441
2011,84-85,134,250,384
2011,85-86,112,236,348
2011,86-87,93,221,314
2011,87-88,70,191,261
2011,88-89,57,168,225
2011,89-90,50,150,200
2011,90-91,41,133,174
2011,91-92,31,109,140
2011,92-93,18,68,86
2011,93-94,9,34,43
2011,94-95,6,26,32
2011,95-96,5,21,26
2011,96-97,4,20,24
2011,97-98,4,19,23
2011,98-99,2,13,15
2011,99-100,1,9,10
2012,0-1,346,328,674
2012,1-2,341,324,665
2012,2-3,351,334,685
2012,3-4,346,328,674
2012,4-5,356,338,694
2012,5-6,356,337,693
2012,6-7,349,331,680
2012,7-8,354,336,690
2012,8-9,364,345,709
2012,9-10,364,346,710
2012,10-11,371,352,723
2012,11-12,381,360,741
2012,12-13,397,377,774
2012,13-14,399,378,777
2012,14-15,407,387,794
2012,15-16,420,399,819
2012,16-17,414,392,806
2012,17-18,402,381,783
2012,18-19,409,388,797
2012,19-20,427,406,833
2012,20-21,437,418,855
2012,21-22,458,438,896
2012,22-23,507,485,992
2012,23-24,504,484,988
2012,24-25,523,500,1023
2012,25-26,516,493,1009
2012,26-27,508,490,998
2012,27-28,493,476,969
2012,28-29,493,477,970
2012,29-30,496,482,978
2012,30-31,509,495,1004
2012,31-32,504,496,1000
2012,32-33,504,499,1003
2012,33-34,482,477,959
2012,34-35,477,471,948
2012,35-36,474,467,941
2012,36-37,465,461,926
2012,37-38,454,448,902
2012,38-39,460,457,917
2012,39-40,465,462,927
2012,40-41,508,502,1010
2012,41-42,562,553,1115
2012,42-43,584,575,1159
2012,43-44,632,617,1249
2012,44-45,664,648,1312
2012,45-46,683,667,1350
2012,46-47,704,686,1390
2012,47-48,709,688,1397
2012,48-49,722,703,1425
2012,49-50,716,699,1415
2012,50-51,692,679,1371
2012,51-52,680,672,1352
2012,52-53,657,651,1308
2012,53-54,639,633,1272
2012,54-55,603,599,1202
2012,55-56,588,587,1175
2012,56-57,570,573,1143
2012,57-58,549,559,1108
2012,58-59,534,553,1087
2012,59-60,513,537,1050
2012,60-61,512,537,1049
2012,61-62,500,526,1026
2012,62-63,498,526,1024
2012,63-64,482,507,989
2012,64-65,440,462,902
2012,65-66,409,435,844
2012,66-67,354,380,734
2012,67-68,306,337,643
2012,68-69,408,447,855
2012,69-70,411,452,863
2012,70-71,394,438,832
2012,71-72,470,533,1003
2012,72-73,484,560,1044
2012,73-74,466,550,1016
2012,74-75,424,507,931
2012,75-76,383,470,853
2012,76-77,357,450,807
2012,77-78,330,427,757
2012,78-79,291,388,679
2012,79-80,221,306,527
2012,80-81,206,297,503
2012,81-82,194,293,487
2012,82-83,188,298,486
2012,83-84,167,277,444
2012,84-85,149,258,407
2012,85-86,120,231,351
2012,86-87,99,215,314
2012,87-88,81,199,280
2012,88-89,60,169,229
2012,89-90,48,146,194
2012,90-91,41,128,169
2012,91-92,33,111,144
2012,92-93,25,89,114
2012,93-94,14,54,68
2012,94-95,6,27,33
2012,95-96,4,19,23
2012,96-97,3,16,19
2012,97-98,3,15,18
2012,98-99,2,13,15
2012,99-100,NA,NA,NA
2013,0-1,350,333,683
2013,1-2,351,333,684
2013,2-3,345,328,673
2013,3-4,354,337,691
2013,4-5,349,331,680
2013,5-6,358,341,699
2013,6-7,358,339,697
2013,7-8,352,333,685
2013,8-9,356,338,694
2013,9-10,366,347,713
2013,10-11,366,348,714
2013,11-12,373,354,727
2013,12-13,383,362,745
2013,13-14,399,379,778
2013,14-15,401,379,780
2013,15-16,409,389,798
2013,16-17,423,401,824
2013,17-18,417,394,811
2013,18-19,408,385,793
2013,19-20,419,395,814
2013,20-21,437,416,853
2013,21-22,446,427,873
2013,22-23,468,447,915
2013,23-24,519,494,1013
2013,24-25,516,493,1009
2013,25-26,534,508,1042
2013,26-27,526,500,1026
2013,27-28,518,496,1014
2013,28-29,501,481,982
2013,29-30,501,482,983
2013,30-31,503,487,990
2013,31-32,515,500,1015
2013,32-33,509,500,1009
2013,33-34,510,503,1013
2013,34-35,487,480,967
2013,35-36,482,474,956
2013,36-37,479,471,950
2013,37-38,469,464,933
2013,38-39,458,451,909
2013,39-40,463,459,922
2013,40-41,468,464,932
2013,41-42,511,504,1015
2013,42-43,565,555,1120
2013,43-44,587,577,1164
2013,44-45,634,619,1253
2013,45-46,665,649,1314
2013,46-47,684,668,1352
2013,47-48,705,687,1392
2013,48-49,709,688,1397
2013,49-50,722,703,1425
2013,50-51,716,699,1415
2013,51-52,691,679,1370
2013,52-53,679,672,1351
2013,53-54,655,650,1305
2013,54-55,637,633,1270
2013,55-56,600,598,1198
2013,56-57,585,586,1171
2013,57-58,566,571,1137
2013,58-59,545,557,1102
2013,59-60,529,551,1080
2013,60-61,509,535,1044
2013,61-62,506,534,1040
2013,62-63,495,523,1018
2013,63-64,492,522,1014
2013,64-65,475,503,978
2013,65-66,433,458,891
2013,66-67,403,431,834
2013,67-68,348,376,724
2013,68-69,300,333,633
2013,69-70,399,442,841
2013,70-71,402,447,849
2013,71-72,385,432,817
2013,72-73,458,526,984
2013,73-74,471,552,1023
2013,74-75,452,541,993
2013,75-76,410,498,908
2013,76-77,369,460,829
2013,77-78,342,439,781
2013,78-79,314,415,729
2013,79-80,276,376,652
2013,80-81,208,294,502
2013,81-82,192,284,476
2013,82-83,180,279,459
2013,83-84,172,281,453
2013,84-85,151,258,409
2013,85-86,133,239,372
2013,86-87,106,211,317
2013,87-88,86,194,280
2013,88-89,69,176,245
2013,89-90,50,147,197
2013,90-91,39,124,163
2013,91-92,33,107,140
2013,92-93,26,91,117
2013,93-94,19,71,90
2013,94-95,10,42,52
2013,95-96,5,20,25
2013,96-97,3,14,17
2013,97-98,2,11,13
2013,98-99,2,10,12
2013,99-100,2,9,11
2014,0-1,368,349,717
2014,1-2,357,339,696
2014,2-3,356,338,694
2014,3-4,349,332,681
2014,4-5,358,341,699
2014,5-6,353,335,688
2014,6-7,362,344,706
2014,7-8,362,343,705
2014,8-9,355,336,691
2014,9-10,360,342,702
2014,10-11,369,351,720
2014,11-12,370,351,721
2014,12-13,376,357,733
2014,13-14,386,365,751
2014,14-15,402,382,784
2014,15-16,405,382,787
2014,16-17,414,392,806
2014,17-18,428,404,832
2014,18-19,427,400,827
2014,19-20,421,394,815
2014,20-21,433,406,839
2014,21-22,450,425,875
2014,22-23,460,436,896
2014,23-24,482,457,939
2014,24-25,533,504,1037
2014,25-26,529,502,1031
2014,26-27,547,515,1062
2014,27-28,537,507,1044
2014,28-29,528,503,1031
2014,29-30,511,488,999
2014,30-31,510,488,998
2014,31-32,511,492,1003
2014,32-33,522,505,1027
2014,33-34,516,505,1021
2014,34-35,517,508,1025
2014,35-36,493,485,978
2014,36-37,487,478,965
2014,37-38,484,474,958
2014,38-39,474,467,941
2014,39-40,462,454,916
2014,40-41,468,463,931
2014,41-42,472,467,939
2014,42-43,514,507,1021
2014,43-44,568,558,1126
2014,44-45,590,579,1169
2014,45-46,637,621,1258
2014,46-47,667,651,1318
2014,47-48,685,669,1354
2014,48-49,706,688,1394
2014,49-50,709,689,1398
2014,50-51,722,704,1426
2014,51-52,714,699,1413
2014,52-53,689,679,1368
2014,53-54,677,671,1348
2014,54-55,652,649,1301
2014,55-56,634,632,1266
2014,56-57,597,597,1194
2014,57-58,582,584,1166
2014,58-59,563,570,1133
2014,59-60,540,555,1095
2014,60-61,524,548,1072
2014,61-62,503,532,1035
2014,62-63,500,531,1031
2014,63-64,488,520,1008
2014,64-65,486,519,1005
2014,65-66,468,500,968
2014,66-67,426,454,880
2014,67-68,396,427,823
2014,68-69,342,372,714
2014,69-70,294,330,624
2014,70-71,391,437,828
2014,71-72,393,442,835
2014,72-73,375,426,801
2014,73-74,445,518,963
2014,74-75,457,543,1000
2014,75-76,437,531,968
2014,76-77,395,488,883
2014,77-78,354,449,803
2014,78-79,327,427,754
2014,79-80,299,403,702
2014,80-81,260,362,622
2014,81-82,195,282,477
2014,82-83,178,271,449
2014,83-84,165,263,428
2014,84-85,156,263,419
2014,85-86,136,240,376
2014,86-87,118,219,337
2014,87-88,93,191,284
2014,88-89,74,174,248
2014,89-90,59,155,214
2014,90-91,42,127,169
2014,91-92,32,105,137
2014,92-93,26,88,114
2014,93-94,20,73,93
2014,94-95,14,56,70
2014,95-96,8,32,40
2014,96-97,3,15,18
2014,97-98,2,10,12
2014,98-99,2,8,10
2014,99-100,1,7,8
2015,0-1,383,362,745
2015,1-2,380,360,740
2015,2-3,368,348,716
2015,3-4,367,347,714
2015,4-5,359,340,699
2015,5-6,368,349,717
2015,6-7,362,342,704
2015,7-8,371,352,723
2015,8-9,371,350,721
2015,9-10,364,343,707
2015,10-11,368,348,716
2015,11-12,377,357,734
2015,12-13,377,357,734
2015,13-14,384,362,746
2015,14-15,395,370,765
2015,15-16,414,388,802
2015,16-17,423,388,811
2015,17-18,433,398,831
2015,18-19,460,414,874
2015,19-20,459,413,872
2015,20-21,455,410,865
2015,21-22,463,420,883
2015,22-23,480,438,918
2015,23-24,490,450,940
2015,24-25,511,471,982
2015,25-26,564,517,1081
2015,26-27,555,514,1069
2015,27-28,572,527,1099
2015,28-29,560,518,1078
2015,29-30,548,512,1060
2015,30-31,530,498,1028
2015,31-32,526,497,1023
2015,32-33,526,501,1027
2015,33-34,536,513,1049
2015,34-35,529,512,1041
2015,35-36,531,515,1046
2015,36-37,504,492,996
2015,37-38,497,485,982
2015,38-39,493,480,973
2015,39-40,482,472,954
2015,40-41,471,460,931
2015,41-42,475,468,943
2015,42-43,479,472,951
2015,43-44,520,511,1031
2015,44-45,574,561,1135
2015,45-46,595,582,1177
2015,46-47,641,624,1265
2015,47-48,671,654,1325
2015,48-49,688,672,1360
2015,49-50,707,689,1396
2015,50-51,710,690,1400
2015,51-52,722,704,1426
2015,52-53,714,699,1413
2015,53-54,689,679,1368
2015,54-55,676,671,1347
2015,55-56,651,649,1300
2015,56-57,631,631,1262
2015,57-58,594,596,1190
2015,58-59,578,583,1161
2015,59-60,558,568,1126
2015,60-61,536,553,1089
2015,61-62,519,546,1065
2015,62-63,498,530,1028
2015,63-64,494,528,1022
2015,64-65,482,516,998
2015,65-66,478,515,993
2015,66-67,461,495,956
2015,67-68,419,450,869
2015,68-69,388,423,811
2015,69-70,334,368,702
2015,70-71,288,326,614
2015,71-72,381,431,812
2015,72-73,382,435,817
2015,73-74,365,420,785
2015,74-75,431,510,941
2015,75-76,441,533,974
2015,76-77,421,520,941
2015,77-78,379,476,855
2015,78-79,338,437,775
2015,79-80,310,414,724
2015,80-81,282,388,670
2015,81-82,244,347,591
2015,82-83,180,268,448
2015,83-84,164,255,419
2015,84-85,150,246,396
2015,85-86,140,244,384
2015,86-87,120,220,340
2015,87-88,103,198,301
2015,88-89,80,170,250
2015,89-90,62,152,214
2015,90-91,48,132,180
2015,91-92,34,107,141
2015,92-93,25,86,111
2015,93-94,20,70,90
2015,94-95,14,57,71
2015,95-96,10,42,52
2015,96-97,5,24,29
2015,97-98,2,11,13
2015,98-99,1,7,8
2015,99-100,1,5,6
2016,0-1,404,385,789
2016,1-2,392,371,763
2016,2-3,387,366,753
2016,3-4,374,353,727
2016,4-5,373,352,725
2016,5-6,364,345,709
2016,6-7,373,353,726
2016,7-8,368,347,715
2016,8-9,377,357,734
2016,9-10,375,354,729
2016,10-11,369,347,716
2016,11-12,373,352,725
2016,12-13,381,360,741
2016,13-14,382,360,742
2016,14-15,389,365,754
2016,15-16,401,373,774
2016,16-17,425,392,817
2016,17-18,438,392,830
2016,18-19,449,404,853
2016,19-20,474,424,898
2016,20-21,472,425,897
2016,21-22,464,419,883
2016,22-23,472,428,900
2016,23-24,489,447,936
2016,24-25,498,459,957
2016,25-26,518,478,996
2016,26-27,570,524,1094
2016,27-28,561,521,1082
2016,28-29,576,533,1109
2016,29-30,563,523,1086
2016,30-31,550,518,1068
2016,31-32,533,503,1036
2016,32-33,528,502,1030
2016,33-34,527,505,1032
2016,34-35,538,517,1055
2016,35-36,530,516,1046
2016,36-37,531,519,1050
2016,37-38,505,495,1000
2016,38-39,498,488,986
2016,39-40,494,483,977
2016,40-41,483,475,958
2016,41-42,471,462,933
2016,42-43,475,470,945
2016,43-44,479,474,953
2016,44-45,520,512,1032
2016,45-46,573,563,1136
2016,46-47,594,584,1178
2016,47-48,639,625,1264
2016,48-49,670,654,1324
2016,49-50,686,672,1358
2016,50-51,705,689,1394
2016,51-52,708,690,1398
2016,52-53,719,703,1422
2016,53-54,711,698,1409
2016,54-55,685,677,1362
2016,55-56,671,669,1340
2016,56-57,646,647,1293
2016,57-58,626,628,1254
2016,58-59,589,593,1182
2016,59-60,572,580,1152
2016,60-61,552,565,1117
2016,61-62,530,550,1080
2016,62-63,513,542,1055
2016,63-64,491,526,1017
2016,64-65,487,524,1011
2016,65-66,474,512,986
2016,66-67,470,511,981
2016,67-68,452,491,943
2016,68-69,411,445,856
2016,69-70,380,418,798
2016,70-71,327,364,691
2016,71-72,280,321,601
2016,72-73,371,425,796
2016,73-74,372,429,801
2016,74-75,354,413,767
2016,75-76,417,500,917
2016,76-77,425,522,947
2016,77-78,404,508,912
2016,78-79,362,464,826
2016,79-80,322,424,746
2016,80-81,293,399,692
2016,81-82,264,372,636
2016,82-83,227,331,558
2016,83-84,166,254,420
2016,84-85,149,240,389
2016,85-86,135,229,364
2016,86-87,124,224,348
2016,87-88,105,199,304
2016,88-89,88,176,264
2016,89-90,67,149,216
2016,90-91,52,131,183
2016,91-92,39,112,151
2016,92-93,27,88,115
2016,93-94,19,69,88
2016,94-95,15,55,70
2016,95-96,10,44,54
2016,96-97,7,31,38
2016,97-98,4,17,21
2016,98-99,1,8,9
2016,99-100,1,5,6
2017,0-1,403,383,786
2017,1-2,408,388,796
2017,2-3,396,375,771
2017,3-4,391,370,761
2017,4-5,377,357,734
2017,5-6,376,356,732
2017,6-7,368,348,716
2017,7-8,376,356,732
2017,8-9,371,350,721
2017,9-10,381,360,741
2017,10-11,379,357,736
2017,11-12,372,350,722
2017,12-13,376,355,731
2017,13-14,384,363,747
2017,14-15,385,363,748
2017,15-16,392,368,760
2017,16-17,406,376,782
2017,17-18,429,395,824
2017,18-19,445,397,842
2017,19-20,459,413,872
2017,20-21,484,435,919
2017,21-22,480,434,914
2017,22-23,472,428,900
2017,23-24,481,438,919
2017,24-25,497,455,952
2017,25-26,505,466,971
2017,26-27,524,485,1009
2017,27-28,575,531,1106
2017,28-29,565,527,1092
2017,29-30,580,539,1119
2017,30-31,566,528,1094
2017,31-32,553,523,1076
2017,32-33,536,508,1044
2017,33-34,531,506,1037
2017,34-35,530,509,1039
2017,35-36,540,520,1060
2017,36-37,532,519,1051
2017,37-38,534,523,1057
2017,38-39,507,498,1005
2017,39-40,500,491,991
2017,40-41,496,486,982
2017,41-42,485,478,963
2017,42-43,473,464,937
2017,43-44,477,472,949
2017,44-45,480,476,956
2017,45-46,521,514,1035
2017,46-47,574,564,1138
2017,47-48,595,585,1180
2017,48-49,640,626,1266
2017,49-50,669,655,1324
2017,50-51,686,672,1358
2017,51-52,703,689,1392
2017,52-53,706,689,1395
2017,53-54,716,703,1419
2017,54-55,707,697,1404
2017,55-56,681,676,1357
2017,56-57,667,668,1335
2017,57-58,642,645,1287
2017,58-59,622,626,1248
2017,59-60,584,591,1175
2017,60-61,567,577,1144
2017,61-62,547,562,1109
2017,62-63,524,546,1070
2017,63-64,506,539,1045
2017,64-65,484,522,1006
2017,65-66,479,520,999
2017,66-67,466,508,974
2017,67-68,462,506,968
2017,68-69,443,486,929
2017,69-70,402,440,842
2017,70-71,372,413,785
2017,71-72,319,358,677
2017,72-73,273,316,589
2017,73-74,361,418,779
2017,74-75,361,421,782
2017,75-76,342,405,747
2017,76-77,402,490,892
2017,77-78,408,510,918
2017,78-79,387,495,882
2017,79-80,345,450,795
2017,80-81,304,409,713
2017,81-82,276,383,659
2017,82-83,246,355,601
2017,83-84,209,313,522
2017,84-85,152,238,390
2017,85-86,134,222,356
2017,86-87,120,210,330
2017,87-88,109,203,312
2017,88-89,90,178,268
2017,89-90,75,155,230
2017,90-91,55,129,184
2017,91-92,42,110,152
2017,92-93,31,92,123
2017,93-94,20,70,90
2017,94-95,14,54,68
2017,95-96,11,41,52
2017,96-97,7,32,39
2017,97-98,5,22,27
2017,98-99,2,12,14
2017,99-100,1,5,6
2018,0-1,402,382,784
2018,1-2,408,388,796
2018,2-3,411,392,803
2018,3-4,399,378,777
2018,4-5,394,373,767
2018,5-6,380,360,740
2018,6-7,379,358,737
2018,7-8,370,350,720
2018,8-9,379,359,738
2018,9-10,374,353,727
2018,10-11,383,363,746
2018,11-12,382,360,742
2018,12-13,375,352,727
2018,13-14,378,357,735
2018,14-15,387,365,752
2018,15-16,387,365,752
2018,16-17,396,371,767
2018,17-18,409,379,788
2018,18-19,436,400,836
2018,19-20,455,407,862
2018,20-21,468,424,892
2018,21-22,491,443,934
2018,22-23,487,442,929
2018,23-24,480,437,917
2018,24-25,489,446,935
2018,25-26,504,463,967
2018,26-27,512,473,985
2018,27-28,530,492,1022
2018,28-29,580,536,1116
2018,29-30,570,532,1102
2018,30-31,584,543,1127
2018,31-32,570,533,1103
2018,32-33,557,527,1084
2018,33-34,539,512,1051
2018,34-35,534,510,1044
2018,35-36,533,512,1045
2018,36-37,542,524,1066
2018,37-38,534,522,1056
2018,38-39,535,525,1060
2018,39-40,509,500,1009
2018,40-41,502,493,995
2018,41-42,497,488,985
2018,42-43,486,480,966
2018,43-44,475,467,942
2018,44-45,479,474,953
2018,45-46,481,478,959
2018,46-47,522,516,1038
2018,47-48,574,566,1140
2018,48-49,595,586,1181
2018,49-50,639,626,1265
2018,50-51,669,655,1324
2018,51-52,684,672,1356
2018,52-53,701,688,1389
2018,53-54,703,689,1392
2018,54-55,713,701,1414
2018,55-56,704,695,1399
2018,56-57,678,674,1352
2018,57-58,663,665,1328
2018,58-59,637,643,1280
2018,59-60,616,623,1239
2018,60-61,579,588,1167
2018,61-62,561,574,1135
2018,62-63,540,559,1099
2018,63-64,517,543,1060
2018,64-65,499,535,1034
2018,65-66,476,518,994
2018,66-67,471,515,986
2018,67-68,457,503,960
2018,68-69,453,500,953
2018,69-70,434,480,914
2018,70-71,393,434,827
2018,71-72,363,408,771
2018,72-73,310,353,663
2018,73-74,265,311,576
2018,74-75,350,411,761
2018,75-76,348,413,761
2018,76-77,330,396,726
2018,77-78,386,479,865
2018,78-79,390,497,887
2018,79-80,368,481,849
2018,80-81,326,435,761
2018,81-82,286,393,679
2018,82-83,257,366,623
2018,83-84,227,336,563
2018,84-85,191,294,485
2018,85-86,137,221,358
2018,86-87,119,204,323
2018,87-88,105,190,295
2018,88-89,94,181,275
2018,89-90,76,156,232
2018,90-91,61,133,194
2018,91-92,45,108,153
2018,92-93,33,90,123
2018,93-94,23,73,96
2018,94-95,15,55,70
2018,95-96,10,41,51
2018,96-97,7,30,37
2018,97-98,5,23,28
2018,98-99,3,15,18
2018,99-100,2,8,10
2019,0-1,398,377,775
2019,1-2,407,387,794
2019,2-3,412,391,803
2019,3-4,414,394,808
2019,4-5,402,380,782
2019,5-6,396,375,771
2019,6-7,382,362,744
2019,7-8,382,360,742
2019,8-9,373,353,726
2019,9-10,382,362,744
2019,10-11,377,356,733
2019,11-12,386,366,752
2019,12-13,384,362,746
2019,13-14,377,355,732
2019,14-15,381,360,741
2019,15-16,389,367,756
2019,16-17,390,367,757
2019,17-18,399,373,772
2019,18-19,415,384,799
2019,19-20,445,409,854
2019,20-21,463,416,879
2019,21-22,475,431,906
2019,22-23,498,450,948
2019,23-24,494,450,944
2019,24-25,487,444,931
2019,25-26,494,453,947
2019,26-27,509,469,978
2019,27-28,516,479,995
2019,28-29,534,496,1030
2019,29-30,583,541,1124
2019,30-31,573,536,1109
2019,31-32,586,547,1133
2019,32-33,572,537,1109
2019,33-34,559,530,1089
2019,34-35,540,515,1055
2019,35-36,535,513,1048
2019,36-37,534,515,1049
2019,37-38,543,526,1069
2019,38-39,535,525,1060
2019,39-40,536,528,1064
2019,40-41,509,502,1011
2019,41-42,502,495,997
2019,42-43,498,490,988
2019,43-44,487,482,969
2019,44-45,475,468,943
2019,45-46,479,476,955
2019,46-47,481,479,960
2019,47-48,522,517,1039
2019,48-49,573,566,1139
2019,49-50,593,586,1179
2019,50-51,638,626,1264
2019,51-52,666,655,1321
2019,52-53,682,671,1353
2019,53-54,698,687,1385
2019,54-55,700,687,1387
2019,55-56,709,700,1409
2019,56-57,700,693,1393
2019,57-58,673,672,1345
2019,58-59,657,663,1320
2019,59-60,632,640,1272
2019,60-61,610,620,1230
2019,61-62,572,585,1157
2019,62-63,554,571,1125
2019,63-64,533,555,1088
2019,64-65,509,539,1048
2019,65-66,491,530,1021
2019,66-67,468,513,981
2019,67-68,462,510,972
2019,68-69,448,498,946
2019,69-70,443,495,938
2019,70-71,424,474,898
2019,71-72,383,428,811
2019,72-73,353,401,754
2019,73-74,301,347,648
2019,74-75,257,305,562
2019,75-76,338,403,741
2019,76-77,336,404,740
2019,77-78,317,387,704
2019,78-79,370,466,836
2019,79-80,372,483,855
2019,80-81,349,465,814
2019,81-82,307,419,726
2019,82-83,267,376,643
2019,83-84,238,347,585
2019,84-85,208,317,525
2019,85-86,173,274,447
2019,86-87,122,204,326
2019,87-88,105,185,290
2019,88-89,91,170,261
2019,89-90,79,160,239
2019,90-91,63,134,197
2019,91-92,50,113,163
2019,92-93,35,89,124
2019,93-94,25,73,98
2019,94-95,18,57,75
2019,95-96,11,42,53
2019,96-97,7,30,37
2019,97-98,5,22,27
2019,98-99,3,16,19
2019,99-100,2,10,12
2020,0-1,395,374,769
2020,1-2,402,381,783
2020,2-3,410,389,799
2020,3-4,414,393,807
2020,4-5,416,396,812
2020,5-6,404,382,786
2020,6-7,398,377,775
2020,7-8,384,363,747
2020,8-9,384,362,746
2020,9-10,375,355,730
2020,10-11,384,364,748
2020,11-12,379,358,737
2020,12-13,388,367,755
2020,13-14,386,364,750
2020,14-15,379,356,735
2020,15-16,383,361,744
2020,16-17,392,369,761
2020,17-18,392,369,761
2020,18-19,403,376,779
2020,19-20,422,390,812
2020,20-21,451,415,866
2020,21-22,466,419,885
2020,22-23,477,434,911
2020,23-24,501,454,955
2020,24-25,498,455,953
2020,25-26,491,448,939
2020,26-27,497,457,954
2020,27-28,511,473,984
2020,28-29,518,482,1000
2020,29-30,535,500,1035
2020,30-31,584,544,1128
2020,31-32,574,539,1113
2020,32-33,587,550,1137
2020,33-34,573,539,1112
2020,34-35,559,532,1091
2020,35-36,541,517,1058
2020,36-37,536,514,1050
2020,37-38,534,517,1051
2020,38-39,543,528,1071
2020,39-40,535,526,1061
2020,40-41,536,529,1065
2020,41-42,509,504,1013
2020,42-43,502,496,998
2020,43-44,497,491,988
2020,44-45,486,483,969
2020,45-46,475,469,944
2020,46-47,478,477,955
2020,47-48,481,480,961
2020,48-49,521,517,1038
2020,49-50,572,566,1138
2020,50-51,592,586,1178
2020,51-52,636,626,1262
2020,52-53,664,654,1318
2020,53-54,679,670,1349
2020,54-55,695,686,1381
2020,55-56,696,686,1382
2020,56-57,705,698,1403
2020,57-58,695,691,1386
2020,58-59,667,669,1336
2020,59-60,652,660,1312
2020,60-61,625,637,1262
2020,61-62,604,616,1220
2020,62-63,566,581,1147
2020,63-64,547,567,1114
2020,64-65,525,551,1076
2020,65-66,501,534,1035
2020,66-67,482,525,1007
2020,67-68,459,508,967
2020,68-69,453,505,958
2020,69-70,438,492,930
2020,70-71,433,489,922
2020,71-72,414,467,881
2020,72-73,373,422,795
2020,73-74,343,395,738
2020,74-75,292,341,633
2020,75-76,248,299,547
2020,76-77,325,394,719
2020,77-78,322,395,717
2020,78-79,303,377,680
2020,79-80,352,453,805
2020,80-81,352,467,819
2020,81-82,328,447,775
2020,82-83,287,401,688
2020,83-84,247,357,604
2020,84-85,218,327,545
2020,85-86,188,295,483
2020,86-87,154,252,406
2020,87-88,107,185,292
2020,88-89,90,165,255
2020,89-90,76,150,226
2020,90-91,65,138,203
2020,91-92,50,113,163
2020,92-93,39,93,132
2020,93-94,27,71,98
2020,94-95,19,57,76
2020,95-96,13,43,56
2020,96-97,8,31,39
2020,97-98,5,21,26
2020,98-99,3,15,18
2020,99-100,2,11,13
2021,0-1,406,385,791
2021,1-2,401,379,780
2021,2-3,405,384,789
2021,3-4,412,391,803
2021,4-5,416,395,811
2021,5-6,418,398,816
2021,6-7,406,384,790
2021,7-8,400,379,779
2021,8-9,387,366,753
2021,9-10,386,365,751
2021,10-11,378,357,735
2021,11-12,387,366,753
2021,12-13,382,360,742
2021,13-14,391,370,761
2021,14-15,389,366,755
2021,15-16,382,358,740
2021,16-17,387,363,750
2021,17-18,395,371,766
2021,18-19,399,374,773
2021,19-20,413,385,798
2021,20-21,432,400,832
2021,21-22,460,424,884
2021,22-23,475,428,903
2021,23-24,487,443,930
2021,24-25,511,463,974
2021,25-26,506,463,969
2021,26-27,498,456,954
2021,27-28,503,463,966
2021,28-29,516,478,994
2021,29-30,522,487,1009
2021,30-31,539,504,1043
2021,31-32,587,548,1135
2021,32-33,576,542,1118
2021,33-34,589,553,1142
2021,34-35,575,542,1117
2021,35-36,560,535,1095
2021,36-37,542,519,1061
2021,37-38,537,516,1053
2021,38-39,535,518,1053
2021,39-40,544,529,1073
2021,40-41,535,527,1062
2021,41-42,536,530,1066
2021,42-43,510,505,1015
2021,43-44,502,497,999
2021,44-45,497,492,989
2021,45-46,486,484,970
2021,46-47,474,470,944
2021,47-48,477,477,954
2021,48-49,480,480,960
2021,49-50,519,517,1036
2021,50-51,570,566,1136
2021,51-52,589,585,1174
2021,52-53,633,625,1258
2021,53-54,661,653,1314
2021,54-55,675,669,1344
2021,55-56,691,684,1375
2021,56-57,691,683,1374
2021,57-58,699,695,1394
2021,58-59,689,688,1377
2021,59-60,661,666,1327
2021,60-61,645,656,1301
2021,61-62,618,633,1251
2021,62-63,596,613,1209
2021,63-64,557,577,1134
2021,64-65,538,562,1100
2021,65-66,516,546,1062
2021,66-67,491,529,1020
2021,67-68,472,520,992
2021,68-69,450,502,952
2021,69-70,443,499,942
2021,70-71,427,486,913
2021,71-72,422,481,903
2021,72-73,402,460,862
2021,73-74,362,414,776
2021,74-75,332,387,719
2021,75-76,281,333,614
2021,76-77,238,292,530
2021,77-78,311,384,695
2021,78-79,308,383,691
2021,79-80,288,365,653
2021,80-81,333,436,769
2021,81-82,330,448,778
2021,82-83,306,427,733
2021,83-84,265,380,645
2021,84-85,226,336,562
2021,85-86,197,304,501
2021,86-87,167,271,438
2021,87-88,135,229,364
2021,88-89,92,165,257
2021,89-90,76,145,221
2021,90-91,63,129,192
2021,91-92,52,116,168
2021,92-93,39,93,132
2021,93-94,29,74,103
2021,94-95,20,55,75
2021,95-96,13,43,56
2021,96-97,9,31,40
2021,97-98,5,22,27
2021,98-99,3,15,18
2021,99-100,2,10,12
